2 75 84
1 68
1 59
3 296 174 3
1 196
1 101
2 127 279
1 98
3 13 277 149
4 161 198 40 278
1 104
2 290 247
2 244 202
1 206
1 170
3 260 187 77
1 152
2 0 5
1 256
2 214 190
2 284 135
1 140
1 233
3 15 129 253
1 73
2 95 175
1 50
1 201
1 289
2 107 291
2 273 93
2 224 199
3 92 21 122
1 177
2 62 211
2 216 130
1 14
2 281 243
3 217 29 66
2 294 242
1 160
1 228
1 266
3 133 19 231
2 105 205
1 252
1 283
1 71
1 240
1 209
1 121
2 113 143
3 218 171 165
1 145
2 60 70
1 272
2 144 265
1 250
2 227 100
2 79 119
1 61
1 78
2 91 64
2 146 173
2 58 183
1 139
2 200 43
2 148 27
1 157
1 176
1 154
1 6
1 69
3 36 39 94
1 132
1 207
1 194
1 158
2 156 237
1 238
1 189
3 210 38 236
1 163
1 82
1 195
1 30
1 292
1 192
1 182
2 41 45
1 35
1 123
1 186
1 76
2 85 288
1 109
1 67
1 239
1 55
1 255
