1 296
2 286 171
8 294 285 214 11 235 59 279 169
9 299 187 230 295 140 291 255 280 1
9 275 95 96 3 147 20 182 100 272
8 249 227 91 121 298 98 47 151
9 216 58 21 68 197 45 145 231 178
8 246 38 29 207 101 141 186 132
7 259 267 102 236 90 12 135
7 220 79 202 6 181 252 153
7 260 245 14 195 205 251 278
8 276 200 244 23 112 152 46 247
9 212 218 53 239 117 5 106 66 69
1 184
1 180
9 168 24 63 172 86 10 292 97 175
3 167 13 263
7 127 213 50 42 51 192 143
10 164 137 113 82 258 201 264 155 120 293
8 133 57 40 243 83 289 262 130
2 134 105
8 148 225 188 26 269 31 288 208
7 203 44 204 109 16 176 84
8 162 60 128 209 70 78 154 52
9 159 125 241 268 237 35 142 233 274
7 161 129 146 48 196 126 257
8 210 19 217 114 248 242 229 173
1 116
8 108 92 261 28 61 81 265 37
9 110 193 224 157 253 25 67 270 211
1 99
8 103 74 277 122 170 118 104 49
8 136 198 284 89 283 223 206 2
9 88 15 166 254 160 138 266 228 9
1 87
9 85 290 39 222 22 139 250 256 165
7 72 273 32 27 119 71 94
9 75 150 174 271 163 124 115 30 149
8 80 18 281 158 190 199 17 240
1 54
1 41
9 34 62 156 185 177 131 43 194 183
1 0
7 4 107 282 73 287 297 77
8 7 56 232 111 76 219 215 189
8 8 144 226 64 191 93 55 123
0
0
0
0
0
0
0
0
0
0
0
0
0
0
0
0
0
0
0
0
0
0
0
0
0
0
0
0
0
0
0
0
0
0
0
0
0
0
0
0
0
0
0
0
0
0
0
0
0
0
0
0
0
0
