38 9890 862 1339 1983 7481 653 3722 2642 8897 8506 7916 5687 7037 9127 3407 8721 6728 877 557 5842 3343 7836 2945 1973 3432 1565 3690 7956 7547 7274 9486 2796 4666 573 501 7008 6639 202
16 9988 1204 5608 9227 2472 2353 4391 7022 1340 1725 7038 5508 3892 4401 527 3011
33 9960 9826 854 3950 4186 8766 6551 3486 1525 5235 4958 9771 9979 8931 6581 710 6716 7363 2315 9551 2625 9516 4203 7113 5558 4999 714 3946 9894 9615 2481 1653 3399
2 9925 1938
4 9888 2672 1587 570
36 9872 835 9117 7309 4436 7109 4718 5867 2591 674 6186 3176 1852 2120 8448 4985 2967 9796 4378 1848 812 9266 4359 260 4982 1987 5364 3087 2856 3447 4850 4608 5559 5844 6650 1868
35 9861 1846 9695 3560 906 3291 4983 8293 4282 1258 8251 3785 7955 2725 6460 5118 9279 2424 9609 5982 8029 1732 5841 4301 5623 1362 542 4848 4336 2376 8058 9208 2737 3769 124
1 9858
34 9832 3860 7402 8733 2051 5949 167 630 2021 2039 9254 7503 5550 4873 4835 6024 2903 3684 6968 1611 7023 8703 3792 6880 3689 3498 6478 4746 616 3796 9767 936 2634 8696
17 9822 3766 2550 910 1148 817 1758 2401 4183 2637 3587 4880 576 5429 9952 4002 1262
39 9738 4114 3104 5245 8481 2384 8699 3898 3537 8239 9986 3784 6233 7473 7925 6707 907 8115 8142 6483 998 388 5040 9671 1246 9783 148 4606 6458 7303 1811 1375 4020 749 7435 7921 9330 4418 4131
17 9670 3922 2090 528 6168 3844 952 8697 3318 2838 2744 8793 111 4178 7400 2020 1280
3 9475 4115 1566
15 8995 2713 9942 7358 8003 3295 7723 8500 7054 6874 7680 1694 7811 2948 2833
38 9601 2496 5209 3987 3762 9520 7621 4221 5512 8458 7651 9087 1867 1742 109 3199 7298 6375 2671 7033 6698 5076 9525 5651 8563 6020 1510 8091 8287 8772 4366 4688 9542 4735 3101 6974 6942 6405
15 9696 523 9951 4896 1250 2049 1740 1593 2136 4465 5861 5059 7334 2685 5691
36 9714 2607 2241 544 8624 6073 6767 81 1414 2337 4724 409 3229 2040 8892 55 1467 5820 2982 66 2245 3109 6039 3252 5626 6109 9176 9813 3752 6717 6783 937 1184 869 4747 5738
38 9814 395 5903 4535 2479 4834 1913 5022 4116 3195 8848 4193 1883 9363 881 353 1747 9081 6996 8489 1122 6376 8847 7428 5977 1101 5743 9744 520 8716 8556 9034 3909 6360 7843 7004 283 4539
38 9742 4989 1021 9042 9120 873 3346 3541 8001 7693 615 5304 223 5579 2682 6006 1905 4424 4800 2181 3419 8984 3976 2023 1703 5735 366 6694 8433 808 814 7411 2088 5948 6626 2809 6135 7162
34 9688 6729 6871 4415 7116 443 5348 8488 7317 5496 8894 9677 239 5306 838 7831 7053 6223 3928 4865 3852 4686 4731 6243 757 1989 7512 5016 9579 8487 8771 946 7908 9741
1 9764
1 9594
38 9581 3827 7235 3579 8547 5585 2912 4673 3203 5315 8638 8025 21 4028 9216 8639 2759 3786 6048 1886 3359 5773 1286 8230 8580 9926 5814 2117 1318 4733 5996 3936 5430 8891 5621 7422 5033 6632
34 9435 1817 8152 8592 9785 404 8966 690 4356 3905 1326 833 7906 2825 7989 6735 3175 1866 2108 8034 7064 97 6219 2461 4912 4485 4039 399 5261 4026 2487 4940 1315 5208
35 9488 3551 8415 6482 2003 6000 2519 9229 80 5253 3678 620 6609 7284 6238 4612 7150 5048 8338 5577 2256 3409 7881 5733 1087 7507 5563 4445 3483 3045 1474 882 4256 977 3952
33 9543 1191 3937 3316 9190 1575 6500 1904 8441 204 3105 6918 6434 3839 8426 8378 8610 7564 8960 6104 6965 4911 8403 935 5902 2566 6751 1834 1762 617 5257 2296 3818
33 9443 7569 7042 1465 1257 5671 319 8741 8904 2799 2052 2946 6719 9367 9177 604 4727 7834 6336 9985 672 1984 6259 5145 6254 7486 113 5615 2211 2942 4380 9100 9255
32 9445 6640 9933 2965 979 9165 5167 2613 4931 3313 5192 5291 237 6878 3220 6696 3672 8221 7437 5899 2453 7783 6381 4675 5872 464 4615 2706 2716 9018 5470 9307
1 9446
39 9662 5334 736 2756 8193 5896 3703 9565 5163 5760 4588 2183 7536 3392 2935 2720 9135 1294 7088 8422 3525 6492 3319 884 241 490 8138 6349 1814 6342 4265 5677 3661 6490 7731 3328 788 2661 6479
16 9692 6879 1670 7894 9735 2168 4393 8924 7896 743 1810 6097 886 9728 5281 2977
33 9718 2442 7331 8282 8237 5478 3348 5223 9808 3481 1349 1889 2188 9651 7104 2032 367 9598 8707 6045 3263 657 6984 988 622 2729 2638 9642 6074 5736 2957 6806 2894
1 9727
38 9740 7448 1066 1442 6278 7239 250 8828 8687 4527 6188 1622 4440 7560 3771 3568 8621 8095 5485 6884 6315 6487 7314 6035 8656 9663 1324 4971 7933 5873 3996 7601 3214 3993 5729 6235 6017 4347
37 9887 1196 5156 8745 7442 1715 2279 590 5784 4017 4110 3166 2260 2986 1172 832 3393 6757 4317 5214 2475 5187 2379 1502 1823 2676 9541 1200 9859 8308 3727 4228 497 4518 1027 5988 9604
37 9561 5846 665 2755 5244 171 5351 1222 6744 2233 1360 8623 4687 5811 8371 6044 6741 1662 245 3677 8370 2200 6938 1480 5431 1334 4013 469 9977 441 889 5813 5398 3979 1211 8470 5644
1 9440
2 9413 3076
2 9392 3877
38 9360 4166 49 9632 1554 6922 1441 3272 3480 87 8588 7268 4504 4290 4914 7247 7739 2151 6119 9040 6512 7585 1741 8671 6394 6023 1090 6196 2476 5088 2978 1716 9517 2329 2902 3305 6142 7688
33 9371 1691 2777 8833 684 6746 3091 9235 3711 7745 1104 9502 8734 8605 7288 1171 5978 1616 6009 6712 6853 1400 8021 7092 6636 1447 2896 978 7788 5256 6271 9768 1766
33 9351 3425 2332 7183 8118 6925 6444 15 9540 4048 4885 2457 5603 3955 2262 7388 3132 8796 9197 2432 8900 244 2650 165 7302 9399 9789 5728 2938 8658 4897 4625 647
38 9191 4107 8227 4239 9559 6113 5945 4948 8831 2687 1767 3683 6697 9545 2656 3798 7792 8915 7265 5546 6384 3574 588 755 1743 3445 3617 1381 6101 6858 856 5795 5950 6266 6633 4963 98 2107
34 9321 2758 159 7031 7752 4249 3716 941 6747 3500 9126 5578 8976 4658 8666 9736 2549 618 7848 2362 4806 5807 6477 2437 4705 2926 2559 7396 2501 8484 2291 4254 6596 6627
38 9340 1831 8125 5898 9352 4529 1985 7842 7349 5176 2132 2802 4223 1915 9414 2730 4551 1713 6396 398 1190 6199 7797 6700 9275 5025 6548 2905 5286 5017 1237 8002 9698 5678 8619 9410 5273 4087
39 9328 7918 6992 5537 3735 5181 4309 7880 2937 4542 3743 4519 1524 7701 58 4637 7075 9616 6644 3799 6850 3231 1806 3255 8525 154 6645 8951 5341 6103 5946 8515 8845 9001 5780 6496 6240 3554 4916
2 9284 474
32 9282 1048 8399 1407 2350 3744 2221 3019 4478 4185 2960 5045 5420 123 3543 7663 8436 8560 4488 4549 904 9162 4513 7945 9146 7987 3688 5402 2712 321 6390 900
33 9215 1387 6245 9019 4622 6123 5188 5303 2322 4562 7671 6385 2522 6927 9187 7712 1771 3389 8759 3650 6649 3329 3031 7067 7530 8104 7048 5764 1518 2275 448 7178 1921
33 9211 1038 4507 8885 9817 1025 220 320 1541 9619 5911 9317 6287 1460 1097 805 8109 2187 4700 5205 3615 463 4464 5745 3223 4624 8811 7647 2054 9422 4135 3422 3517
36 9189 3181 9747 6416 6961 1600 3412 6779 1342 1821 7045 7336 4892 4992 3065 9923 1461 2527 4955 5688 5554 4653 3761 8664 4816 7567 7197 6139 5702 3239 3710 9064 3467 696 9838 4184
3 9180 3353 1641
35 9213 4754 5113 7982 9286 2841 784 4307 2908 841 1555 4334 8859 5411 3700 9931 7615 8982 5287 613 7425 4451 5920 748 6290 1570 29 4012 5173 8782 9080 8298 9995 7049 4576
34 9246 810 5815 9702 2013 3238 6411 7878 4452 5935 51 8628 9704 9365 4617 1409 6629 3662 1376 9706 9530 3566 6934 2377 5358 3542 4721 6251 5593 3985 6442 5042 6179 2103
1 9194
15 9168 2711 4338 8017 4909 1737 4175 5901 134 1064 1083 4579 4383 1405 259
3 9159 3216 1711
16 9151 3873 1813 2890 1014 8949 8820 6822 8178 5506 5969 2176 9056 4019 8769 3415
30 9157 4481 5483 4195 4628 7201 6419 8004 5012 1837 8284 1244 2014 6208 5477 2216 5464 1720 6127 1844 155 8163 7905 5624 4884 1333 3816 8784 7655 5707
40 9155 993 8205 6151 7922 2906 2352 6262 9537 4137 9107 8914 5757 7835 8224 4818 2153 8616 8686 9824 305 8882 8175 2798 9717 324 3248 6604 562 5866 8456 8852 4270 2927 8100 9030 9573 3580 1864 2423
40 9145 3831 2765 7397 5997 9416 3122 4795 8718 5772 4413 7415 3791 7122 545 6206 2743 1308 4230 6226 5479 7737 335 9626 9144 6875 6568 9840 725 5792 1031 6569 4416 547 5586 9463 6883 3202 9918 7899
42 9141 2563 4878 2069 8503 3126 8063 2801 3225 6057 1127 2281 8211 6690 9368 7213 9228 5854 5265 6591 1517 802 494 8319 6124 2173 6839 1649 3935 9333 3613 9661 754 2328 4367 3988 5548 8236 2829 7806 4712 7820
37 9111 2793 5914 968 1776 1659 7176 2346 3297 5177 8874 8206 8668 6171 7771 1292 9309 4074 6837 514 3805 1789 5357 7832 8312 4333 7686 8428 5305 5571 7551 8117 1464 7631 5178 2406 7010
37 9106 3516 1752 4390 498 3914 1597 1562 4858 6446 4953 5369 9818 9910 7108 8939 7846 9160 1963 1070 3897 8996 1632 2270 6736 6949 7057 9369 7445 5184 8555 1800 9912 9423 1313 503 3748
16 9058 4049 6597 7695 6493 432 5724 1787 8834 7768 7468 2083 1688 1754 2044 3584
3 9053 3636 1788
35 9049 3210 8971 1037 1614 1239 7721 1198 975 7927 5183 3813 521 5290 1102 3034 5943 1536 4610 756 2754 2473 4770 4253 1478 8229 1586 8510 3998 4984 205 3083 7474 2386 9510
35 9054 4057 5886 5153 2506 5574 4030 606 1174 9044 5822 7304 4833 8943 3290 2576 4371 2845 713 958 2290 4654 535 8767 3564 5656 3726 3699 3841 2393 7544 6573 2807 4685 2217
30 9014 3209 3765 7581 9984 6516 2167 6299 9745 4454 6236 4272 8067 7267 2520 7962 1598 6905 7943 8825 9639 9972 9450 4741 4571 1629 371 7194 6865 519
35 8980 2163 8568 6888 7638 2769 5968 3733 8594 6616 6361 9240 5502 6711 1526 7766 1003 9185 210 274 6714 3571 7208 776 8405 9605 4267 7306 1815 5549 677 4827 1136 3444 1199
36 8946 2378 1512 3911 747 7230 879 8108 2609 3040 1149 3912 1427 1096 9035 5332 198 8279 5540 3641 5541 1654 4868 7632 3973 1729 8729 7892 6702 5629 77 3041 3120 8945 9827 4659
15 8858 3171 9304 1325 3845 4304 9546 7675 9554 8723 7876 7522 4591 7429 9280
37 8854 3363 2156 6425 9940 4824 9515 5144 3804 6437 9461 3130 8150 3379 9029 5417 4090 7692 7124 1047 9981 1656 9518 272 3736 3874 8079 7055 7220 9065 8935 4981 5859 7772 3472 3006 7796
37 8849 2381 3856 6595 4917 9816 6379 8442 3513 4874 5100 1643 2474 5292 2092 7290 6398 6321 7013 379 9419 414 9174 599 9237 3809 2628 8881 1110 6661 6499 3859 1881 7002 8774 9555 2254
38 8786 2583 5721 7636 7890 1390 4355 8933 7441 2541 9084 7597 1849 9917 6651 9372 249 2500 7276 7656 4839 4819 4118 3007 5444 8705 7446 5414 6903 459 1686 6366 8660 8792 8640 7654 6656 470
40 8725 3423 2517 4701 5865 4006 1024 3380 795 1131 3741 3803 7202 1242 1256 7328 872 9051 3686 6272 9256 7853 3599 6204 7353 5236 2029 7283 763 3964 6122 1155 7224 8965 1812 7386 4384 1323 6680 7917
34 8709 1062 3575 1520 3367 785 3731 5670 6274 4229 2509 9689 2178 8591 4583 4723 3674 9312 4693 2975 508 1273 3189 1534 2575 7902 9903 7595 9582 8376 8776 9388 8096 5885
37 8598 3660 3562 5336 4067 2860 7519 4677 1996 6212 1882 5570 3069 3362 5983 6456 2877 8094 1103 3896 8373 9046 4191 1058 2898 4491 6605 9682 6489 5091 6907 9143 6041 3719 8412 1791 8314
2 8561 934
36 8595 5967 450 7969 4560 2201 8257 5125 8920 5748 2832 1248 6138 8437 7459 7612 9002 8135 8200 3884 2488 9083 9271 5788 8354 8101 8888 5575 9170 6709 2448 4954 1916 5216 9354 8636
36 8724 746 5008 3899 6402 8540 7790 1055 5138 2158 2562 9376 7275 2913 4092 5817 844 6220 9098 6861 7999 7476 1563 1992 2277 3206 7452 9602 2109 9557 4936 6932 9452 7850 8715 6906
37 8698 6347 2649 2 7798 6445 5448 8266 9961 5218 1707 4174 2243 5501 4564 6948 7001 580 8355 1819 9323 8336 2246 8056 6140 5625 6662 7818 9036 7019 3842 9285 8218 4353 7294 5044 4678
35 8669 7115 6635 2570 9907 7381 9238 7840 6944 468 5028 83 7645 6085 6429 680 866 2540 6545 8498 649 6739 8608 347 6126 4427 5180 1633 7524 2626 2093 6667 4714 9782 2630
35 8653 1067 3932 4710 4084 949 2710 9571 6919 9327 2654 8391 7863 2897 4295 7549 5808 920 9283 5737 955 538 8233 9473 5194 1384 3200 5217 8192 2046 1981 6637 3308 6320 2659
33 8896 9037 3350 6681 5360 8410 9485 1888 8541 597 4124 7345 292 6187 729 8254 9325 7221 9709 4787 9701 3666 6468 1949 9259 2162 8188 3237 7280 3092 2441 9188 1397
35 8961 6765 5696 7992 4817 8375 3997 9853 7629 5189 7036 7387 5137 8989 6063 3944 7953 1453 369 3418 3253 3754 2259 3466 7786 1513 3691 4462 6899 1728 8146 6008 5002 7886 7690
35 9136 9202 5881 9428 6485 8798 9395 7142 550 7419 9839 6585 1176 9845 8883 3096 6846 7758 803 478 9511 3337 1356 9479 458 7252 4038 2065 4008 2498 990 3072 6435 8216 6090
32 9248 4807 2940 7867 8765 9831 2918 4487 7869 7462 9500 8562 7007 5073 2006 6726 8414 5422 3261 9597 1901 1775 2210 4210 6631 6201 6059 3652 9971 8092 4014 2338
35 9288 9104 1139 1422 2747 4104 6826 9795 7660 565 5659 7243 6862 1920 8384 9334 8597 1736 8773 9653 912 7963 9137 6733 3994 2285 2115 3493 1937 4695 2031 4791 8443 2678 6787
36 9447 330 8797 7724 3954 1644 1604 4313 2774 1836 1609 3908 715 9497 916 4713 512 6743 7514 2419 840 7961 9195 7051 1569 1605 5328 9193 7228 5515 6833 891 2357 3404 3868 4821
35 9498 417 6363 5612 3707 9096 6580 5619 9892 5862 7097 3330 6574 6310 9490 7809 5132 3514 8688 5648 7808 2839 2164 847 5697 4225 6116 699 4222 1119 2828 8011 4235 4690 2980
36 9538 5197 8431 3867 2535 9625 7865 5925 5396 200 3675 3565 1861 5405 5162 9448 6873 4414 6111 9427 3552 7635 8997 8817 3178 5762 9691 114 5665 8522 5805 5609 9349 3829 4789 592
14 9589 9441 26 1278 9761 7087 3300 9362 3185 7390 3850 3548 8899 9278
16 9038 5324 7979 3919 2430 3610 4096 2782 6817 8249 4289 5474 7950 7525 8507 1321
37 8644 352 8678 5942 7516 1558 4192 1095 3573 4745 4004 9737 7257 6672 2412 9303 782 382 1830 3853 5643 6353 6326 5246 7762 1379 7825 8173 1687 7619 3510 4877 2749 4600 7174 4708 3375
33 8579 7708 6819 9128 7985 4716 8072 8991 9864 6615 2624 5070 3277 359 4547 7025 1170 8348 5443 492 4010 4842 9005 2458 8809 2074 9022 7683 79 3173 2467 8180 7887
34 8551 1359 487 7323 9640 7667 2057 385 4550 6559 2280 4032 510 1261 7258 5379 947 4845 8028 64 6476 2344 6555 8064 9313 7594 2374 661 5391 480 4197 7837 5227 4977
1 8545
34 8607 3503 6754 1745 5680 515 5706 6727 5850 9495 8316 2071 2629 5309 1128 6137 3061 3753 5662 193 7823 5468 742 3843 9245 1646 9623 4790 1930 8846 3457 2556 6133 531
15 8730 1956 1909 9408 5226 5066 4942 964 2266 5159 400 5314 7939 5249 5198
15 8948 4808 9732 9966 5999 4005 163 7467 3299 1098 2558 2547 7672 5834 683
36 9031 416 6748 5400 7603 2775 132 5759 3192 4640 6084 4262 199 1045 9855 6368 909 2761 9060 2015 5484 1781 5150 8331 2997 8570 3270 8508 3627 2953 3649 1428 3958 8514 1773 9577
31 8546 9992 5516 3009 7436 6395 4589 1519 1011 5964 4212 3241 1621 57 6540 6106 8196 6527 8457 5165 2002 4729 5319 2824 737 6867 9774 2400 3381 9544 3531
40 8544 3782 1285 1100 7151 4655 1969 5052 7988 4950 4758 2207 9203 332 1215 4825 7077 1145 5752 6134 4756 2821 8401 7570 8367 9758 5061 6896 6107 3338 4810 6355 6560 2405 8219 1967 9003 8187 3918 819
35 8450 3482 4769 8324 7367 6211 6519 6686 6389 8256 5090 7330 9593 2539 2033 3502 7919 5230 2581 211 9465 7373 9269 136 7736 4342 7490 1583 8810 9705 7741 4890 5915 8268 4594
40 8453 1035 8870 9459 6382 3323 9258 1138 2762 4385 5523 594 3194 2699 3849 9694 8807 5732 5746 3814 4482 3885 7027 4086 4826 3732 7640 8600 6047 9331 6986 2072 8520 2214 1798 9244 8037 825 5836 419
14 8424 2847 4773 7744 9899 158 1093 5010 8645 8182 6666 6705 8967 9250
1 8267
33 8339 9506 9224 8074 8615 6816 5323 5742 7405 1039 6357 8153 4720 5438 1661 7882 6350 4704 5816 8156 9512 3017 7913 5437 2612 857 2398 638 5685 9383 6189 9431 6164
37 8346 42 4757 2169 4777 721 1165 8050 6409 3086 8055 6820 6354 9466 7005 3441 1838 9673 7206 1117 5252 2690 9922 9239 9026 1455 2421 898 2340 8779 1947 1975 9904 7861 1522 1099 4644
2 8407 493
35 8364 3260 6509 8261 1016 208 8711 33 1299 6854 3654 5071 3637 4544 2887 9370 3390 4918 5346 1488 1645 1578 7684 6685 8524 2035 7182 349 5660 9353 806 2959 2895 3530 7260
16 8372 94 553 1192 4957 4715 2555 9721 6221 7393 2961 7709 569 300 5289 1147
38 8383 9336 7120 2573 5940 2085 289 704 5446 9660 3648 2078 9412 1163 6510 3812 178 5202 5373 2466 7626 4162 8304 4786 9199 8704 9373 9306 821 5657 9032 892 8981 2911 120 7362 8114 6202
38 8404 9417 2813 2459 1421 6556 7974 5796 745 3830 4190 2989 3364 5584 6582 4147 1929 2056 2342 1221 4129 9169 386 8804 5799 9294 9009 7226 2605 890 4620 4463 8955 2203 2041 8941 5418 9914
34 8502 1060 8977 3278 9751 6657 9329 6036 1433 8627 9178 2763 4728 8832 2076 781 1847 2220 8031 8764 9103 7079 2045 7403 6165 9210 1372 8203 3547 1385 4548 7697 8167 4915
38 8394 1805 3921 9175 5258 9097 682 6128 2289 2689 8511 4657 3020 2589 5122 5067 7238 669 2226 3927 5199 5493 6725 8643 6987 2932 6071 9722 7658 3224 4320 2862 5907 7089 6821 966 6279 4171
40 8472 446 5127 1608 4784 2101 9121 9936 8154 3544 6795 8794 1166 1618 2121 1418 3894 6100 2125 8242 263 1763 5692 5043 6232 3485 2172 4007 9132 4242 317 9620 2964 7164 4346 9869 7123 6830 7775 6575
37 8315 625 3991 7380 6117 5151 1923 147 883 243 2318 8289 3742 9664 7838 2017 1829 7233 982 7499 7932 5399 923 7093 7582 1357 9649 1232 2655 5316 1527 197 6828 6184 9866 362 9770
2 8220 3075
35 8172 3145 2351 68 8130 8277 5714 9599 3651 530 5384 5906 9780 4266 3488 7242 2010 6895 6380 9507 4232 8158 2229 8537 8692 1284 7565 1153 9881 121 7677 7214 3645 5953 7911
35 8141 4065 1753 8654 5917 2305 1398 5086 7430 489 6676 8911 9267 8309 3110 5480 9249 8512 6544 6072 7803 5884 2792 1652 9875 807 5929 6194 9318 9335 5864 7930 7553 3021 6065
39 8103 4077 1030 5889 5965 1809 3442 215 5883 7149 7800 2794 3882 5838 6606 8369 4344 394 4601 7702 2251 6653 4149 3085 5415 4894 6043 401 1501 8763 1874 8343 5809 103 7966 7934 4635 7348 7264
37 8099 2202 9470 3099 9974 73 703 4394 9380 9491 670 472 6531 868 3453 1962 1879 337 9290 6611 4240 2447 5495 72 1757 3900 6923 7263 6801 142 9637 4061 5536 9438 1399 7399 1993
36 8097 2440 1408 5041 3598 4034 4156 7952 8381 7227 5887 3777 9274 4856 5279 2852 4603 2939 2060 6991 9426 3594 4372 9230 3793 5715 8427 7998 7342 7713 6660 3601 4590 7470 1503 6730
1 8184
38 8246 1734 4068 1675 4144 6766 9803 8873 74 2511 1189 3494 1214 7949 6182 2560 2348 6282 7558 1673 2568 6877 2910 8161 913 5283 1438 1041 5932 5381 6209 1877 2885 4702 852 8062 5930 2497
36 8299 6785 2557 3951 9967 397 1592 2232 789 3398 5509 9089 778 4599 6508 9217 3801 1636 3470 8975 6953 1195 3276 9401 6372 4744 7665 6799 1685 251 4517 1022 3474 4962 7996 9154
35 8090 1271 6857 598 3696 1681 2359 466 9437 4055 1423 1309 6224 1919 6829 1873 8148 1664 5652 7081 3790 5980 5778 6333 1476 1755 2159 9472 9680 8542 235 8164 7726 4643 7534
38 8078 2368 4236 9131 1835 8936 2394 9665 8572 1354 1032 1419 7928 7596 3246 4602 4128 8732 6146 1858 887 5038 3244 2598 3428 1343 7034 5250 8789 6887 455 44 4973 9828 3758 4526 6898 582
16 8057 2146 6154 2418 9039 6910 1293 8368 5157 2489 6312 4031 4201 5699 1695 428
33 8085 2874 7219 2578 2126 7016 7538 117 5406 1620 1792 3835 7000 5106 8435 9010 8329 3939 9070 705 348 4725 6034 4308 9503 2282 6086 8712 3760 9723 6960 2936 9969
41 8044 2234 534 5564 5310 9621 6995 9773 2429 1440 1759 6276 8988 7305 2502 8231 2724 6457 7344 4351 5565 222 3113 9487 6863 6682 9000 2733 9298 3725 1827 7687 8747 8241 4291 8880 5092 5591 9697 5473 9418
4 8033 4172 3233 152
1 7855
39 7901 816 687 9685 540 3 7485 4627 8569 888 5278 2552 995 3431 997 2495 9233 5093 4851 9757 2111 6946 1941 6792 9901 5602 3282 4709 5089 8014 1297 2025 4959 4411 1705 6029 8978 8240 3595
3 7914 2584 1824
34 7937 3775 3051 9797 5171 4181 3001 2450 7111 1310 5142 5781 9821 4100 2859 6721 539 3477 48 2283 7673 6689 1582 8397 7669 9305 9108 6317 88 7192 5650 9687 1150 9941
33 8039 8523 9522 1926 931 9909 4015 8646 1797 525 1435 6814 2354 4743 5426 4883 183 9262 4609 8107 9911 9102 8467 5221 5039 692 9805 12 8501 6722 1559 7270 6413
37 8183 4951 1410 1505 1588 7870 4969 1012 2983 3340 5856 5440 8857 2606 7696 5504 6502 9666 3129 5487 299 5098 7141 8800 5871 1475 6241 3257 3910 1374 1378 9900 9347 1295 282 5561 3232
36 8121 457 1036 2767 593 2569 6866 2679 4575 2061 6800 2062 1589 9739 6701 6345 6426 1068 5730 7676 8119 2684 7447 9396 5620 7140 4613 4326 6431 517 6447 24 5960 6371 265 3708
34 7995 4796 8740 1205 2140 462 791 8093 8022 9149 7450 4281 6976 6010 673 984 7757 6432 4525 5419 5212 5931 1850 3397 3673 2553 2294 6339 1209 9710 6068 1369 6561 1596
36 8128 4944 3373 5598 4286 7259 9467 8673 1253 1602 7765 9919 9793 4284 954 831 1783 5590 5806 6249 6054 179 9125 7434 8430 712 1086 1869 7505 3111 3930 9863 8895 3074 3334 7326
36 7883 701 9913 479 9884 9627 8575 6427 996 2728 8398 135 7815 1557 76 7620 918 5095 131 2695 9471 3473 761 6549 2543 1979 2317 1966 7101 6293 3369 1396 7261 4354 8387 6216
16 7851 3060 389 3630 5675 4926 5423 5744 7891 3604 7755 2919 4040 3506 5442 7072
33 7849 3709 1040 8851 5115 9382 7383 9825 2129 2674 9851 5763 413 3035 636 5913 4546 1063 361 8310 4812 3600 4508 7469 783 7354 1287 7991 3274 8060 2814 5991 7559
2 7833 3288
33 7427 3247 4088 6699 9130 7715 8006 7915 252 5704 2373 7068 9218 8775 2413 5072 3961 9066 5242 8921 3245 4778 3140 4563 6679 1277 809 4798 2514 5667 6564 4875 2518
34 7782 2635 3665 5206 3005 9752 8462 365 3182 5146 8238 4726 3546 8413 5894 7532 8650 4277 5646 8999 8333 9611 5605 5111 9684 8408 8739 7523 4646 3355 7817 7841 4097 5269
36 7678 3384 5595 3339 16 9150 238 2391 2531 4117 3158 4363 4431 5963 6612 8038 9091 3495 3067 3639 8321 4498 9337 2515 7940 8030 708 9657 2177 218 7791 3734 4592 8768 3555 6804
40 7662 1568 1424 191 3659 9612 5416 6027 3949 5580 6309 7981 4799 9499 4888 8214 5770 6352 6176 5962 3609 6147 4902 9276 3184 3728 8459 7366 7821 1843 6541 3713 4593 4138 9041 1010 5712 2968 6173 4188
35 7674 2830 811 7394 3064 2239 6016 4722 6359 4630 6344 4140 3298 8106 709 4180 3646 9729 8860 2697 3327 608 2580 5421 8071 6066 316 8174 566 9023 2999 5432 6542 3188 8009
36 7735 6497 2000 460 6815 6481 1854 9622 9675 7078 5293 8330 5169 1320 9434 2645 1530 7307 7200 1918 7438 8082 4023 5103 1335 1157 8806 8382 3022 2987 3208 1509 3697 3970 5284 8395
38 7760 78 9257 3383 6030 9273 678 1236 1770 8581 1897 8912 392 3402 6367 133 9672 9299 3920 3370 633 5013 9567 2420 8947 6525 6070 4849 1529 6771 3424 7644 3015 6169 2067 2969 9109 697
38 7828 3533 1924 7191 6283 3536 3851 9504 6167 7489 7748 5843 4822 1723 9809 2390 143 8149 4633 1137 4815 2740 3820 4493 5617 6195 5034 5676 1699 423 4155 1995 5812 8068 6823 119 2565 6207
15 7822 4433 4169 5349 4386 5868 4553 8285 2499 3724 8728 9970 3817 3174 3368
15 7653 2921 994 256 40 3150 309 216 2745 2247 3802 2009 5412 301 8752
36 7781 3361 34 7449 1080 2236 2295 7872 1802 431 8013 9173 4882 7554 2314 9455 7587 6365 7515 8667 1231 7225 5078 7780 5321 5607 9225 2483 5337 8736 4412 8959 6524 6955 511 4329
1 7794
38 7643 2652 698 9787 3172 8751 5726 4278 3326 5739 5802 8466 4435 1002 8844 4218 533 3616 2224 7591 3046 7040 7357 6691 7211 3624 3070 242 6583 2302 442 1958 4532 6762 7852 6269 9607 3634
33 7633 1893 9251 3396 4126 8954 8012 8454 6652 425 5382 1799 6882 406 522 6692 5409 5622 4310 1640 5060 6775 5047 3969 6081 5452 5234 1538 3943 439 556 1875 3436
35 7639 6461 8919 5109 5005 8937 2298 4566 6764 5434 4047 3273 7990 7312 9008 7859 169 2757 6977 5295 3408 2271 9693 4159 1159 1922 770 7967 1718 3800 5344 4793 5551 7947 4300
40 7642 8366 8710 276 1863 6410 9719 1282 9055 9439 3427 5878 4864 2909 560 1709 8611 5108 6337 5135 1726 6362 5731 1225 744 3822 9088 7420 3561 8065 296 11 4468 9953 4196 41 624 7926 6587 849
35 7613 5952 8356 850 7742 919 7065 4325 1693 7816 8144 4379 9464 213 9681 7546 4106 1224 5672 4604 3751 3395 6608 3307 9539 6602 1841 9766 344 7738 1615 9786 8360 7555 9138
1 7609
37 7584 2823 3505 7475 667 1448 6868 1639 7278 7483 1304 2286 4941 7983 5689 8446 2082 914 9344 815 9483 4843 2292 9726 7083 9319 1432 2503 1328 4510 7332 7152 5032 340 3038 537 3082
40 7606 3534 4870 6234 3702 6242 6731 8791 3430 5700 9889 7131 3507 4952 5905 4294 1553 9024 8990 6170 8461 536 8186 7573 19 7098 3000 3032 3221 1782 5649 7897 9978 4369 7923 1634 9164 5928 5029 5065
2 7576 1472
3 7426 3190 1833
35 7511 2954 6935 7161 1217 8970 5424 2435 2707 7024 8122 7032 3721 7308 6406 9800 3108 3978 9387 4557 6120 9920 342 3509 7204 8985 5158 6943 7746 2572 8582 7938 4540 5204 8629
36 7545 4543 8134 9930 3417 1283 2301 1898 3821 9733 4204 8047 8801 2818 3317 4288 5191 6451 407 6621 1156 17 1291 6064 5267 1561 9493 9468 9948 3450 730 5276 3931 1851 4364 9204
15 7566 9361 6463 8890 229 4314 6618 5863 2331 6163 6515 2068 9862 2389 8345
32 7539 8952 2876 6407 3164 6280 9477 9762 9338 5879 6069 2116 4430 5600 6945 559 7172 9119 7889 4453 6678 8868 6067 2669 3154 4287 2819 2848 9071 8402 8816 8311
34 8440 8969 2228 1123 7957 1373 1238 6738 9451 4900 8325 4130 3825 3846 4402 7682 3889 1413 2658 8843 4847 2128 9345 4439 3296 4932 9536 3706 4961 4820 9916 6157 7315 3116
34 8468 9591 502 3462 8471 1674 4350 9848 1603 1676 5530 4101 9007 387 7321 7557 4312 611 9209 7500 4534 6964 1116 3749 2621 6852 8922 1786 7463 3583 8374 6149 4419 85
40 8504 336 2971 2323 9874 7719 1151 2470 3770 9220 3487 6318 4515 4179 7509 7112 4598 9876 5505 5539 4893 7813 1931 9730 2208 7959 6803 9775 9849 7754 1546 9069 651 8559 4762 8105 5021 6038 3808 6614
40 7418 3249 1925 552 5377 1964 5713 9027 236 3644 9648 3780 4145 6329 3336 5998 3284 2811 989 7725 2326 5594 4059 5003 1625 549 5891 160 6926 5380 4255 818 3717 3779 8731 2789 1928 2267 5320 6014
38 7324 27 4568 6046 8906 7845 5210 6643 380 7993 4736 8917 9529 6449 9300 339 1856 3180 2193 9214 6617 5628 2321 6443 9429 829 3915 6019 1162 8853 640 787 2505 3607 287 2985 6843 2149
38 7382 4797 128 4311 6421 1042 6710 5596 2310 6230 6268 3280 8878 1585 1650 6129 4417 9326 4335 2951 5248 5393 7624 2596 4846 5094 4245 1072 506 9364 5445 5342 9947 1015 3218 5897 2157 2388
38 7320 3704 8543 1590 5855 5148 4867 4302 9223 4387 4194 110 1226 7195 2842 861 4167 7909 775 7622 4043 5272 7003 2665 9142 8361 9013 9063 5709 2694 7868 4584 1266 5747 5849 7371 5717 6625
36 7318 4066 281 4279 780 4001 6341 9272 3647 5900 6364 6033 6999 1371 5451 1352 4779 6904 6924 5825 2521 9867 5572 9614 3365 1463 5961 2160 1997 9342 8708 1939 166 1739 8753 8670
37 7256 804 90 3772 659 9123 2664 6794 1521 3619 1730 9885 6256 4153 741 3834 1701 125 4199 3692 7763 6306 1581 500 2662 853 7170 6158 3165 876 6782 1404 6311 3653 2532 8683 5690
35 7313 4392 7871 4318 8829 9980 908 8756 7117 8423 7105 4489 1493 798 8538 8015 5006 1416 8276 3960 4389 8419 454 2688 9357 1202 2784 4108 8043 427 7029 5374 561 9724 6835
38 7277 2993 1386 6687 6778 5461 6102 4152 7488 9078 6535 6824 5238 7082 2808 8824 3303 8137 5104 4373 9630 645 1351 9534 2022 7826 3342 8181 2240 3861 5776 3219 9713 4995 8272 3106 4767 7577
34 7297 548 4327 5263 7528 6292 1300 4298 1735 980 1132 6037 6210 8558 5219 7948 5804 5695 9050 4740 180 3433 9746 2773 8738 4036 6053 1347 2264 7166 574 2059 7568 1648
34 7245 2223 1415 6250 1197 706 5499 513 2525 8974 8877 9482 5441 6143 1146 9359 5971 1887 6940 5389 6958 9521 9578 6642 9550 9508 8606 2976 196 4274 451 6969 1185 6091
37 7148 1187 182 7011 6003 9385 9454 5783 930 3103 1306 5425 4292 5404 2705 8826 8842 1458 1457 1876 8867 3204 650 1702 8869 4863 7599 6886 5922 9950 5538 8306 6012 8317 4345 7165 1635
38 7138 3756 766 1113 8120 2135 6125 4703 174 689 4446 2230 8677 6454 8956 3449 1135 9390 5775 1977 2425 7189 8291 4719 7398 4711 8069 1019 5155 3995 1061 859 6327 8165 4461 2456 212 3810
35 7175 5528 1862 273 6177 4248 8992 8957 5433 4083 5403 9375 9815 5083 8855 6601 1892 3250 1050 7292 1338 2402 7550 2861 2831 3358 5019 8576 7618 2533 843 3668 4502 9802 694
1 7229
36 7205 7787 4751 5129 3518 5520 6912 6703 4672 943 1971 2513 9857 3134 345 1188 639 4332 1383 4509 440 483 5754 329 3230 4755 1500 3426 9020 2667 1765 3451 1607 4586 1665 8618
32 7179 4765 3903 779 1264 2053 2608 5875 6473 2788 4095 546 8813 6115 3806 4943 8942 5627 3068 4752 8016 5335 4022 9086 8326 9301 1626 860 467 6737 2587 7652
13 7186 1746 5462 8327 7980 6304 1932 8076 1679 1269 532 5347 4410
37 7136 3153 207 9200 7648 7707 1462 4730 1917 8000 1477 3508 5592 3603 258 8337 3778 3054 4148 938 2231 3602 4085 100 1252 6870 2958 7266 4449 8302 9878 2844 3197 1891 7885 3570 5107
38 7132 5241 2855 5553 9806 1855 3267 8634 6244 6538 8642 4647 2891 2124 1144 6114 1885 9355 4207 5239 1346 9779 6314 5923 658 7814 8863 8411 6848 8632 5232 3098 20 940 1105 5481 341 1508
39 7080 2805 1942 5973 2012 6620 2815 3757 5525 7572 43 2797 6328 4264 4684 5096 1389 6025 6811 6291 7012 7271 9292 2889 7912 595 3371 1006 8856 4558 4484 4907 8535 7542 5471 145 2786 3071 63
40 6975 2191 2795 1751 2469 4455 6876 4069 6902 8649 4545 1193 5023 2325 5018 2416 3759 585 7893 2185 4146 2219 9077 583 9156 3621 5636 5362 7255 7137 8719 8451 8742 6077 6761 516 7319 3062 9192 1445
1 6956
37 6950 2417 1247 2836 3694 9076 4227 1344 5457 6162 619 59 8294 331 6192 7623 5606 3137 5880 1265 8054 2490 6247 4668 6831 2471 3294 8010 6273 5560 2962 3940 8061 1550 4674 5240 6172
14 6933 3832 7222 9492 4717 434 3755 1547 8264 9870 3228 6674 3147 430
38 6891 482 1437 2524 2396 338 8281 3079 2027 356 4691 2030 3515 3454 2900 3893 8864 5075 2369 8926 4934 9999 762 4299 9017 7127 4899 4216 1859 3577 5686 3351 2478 6305 8024 1473 2810 1154
34 6982 726 3618 4442 5456 2218 4076 9184 9949 9308 8689 4064 6693 4376 1483 376 9552 1114 9409 5154 4143 2112 967 5469 7269 4283 4426 3948 2269 6533 396 3840 4775 2623
33 7006 7439 170 8053 7249 6464 5201 2410 9339 4997 8358 4243 686 3635 7740 4011 6166 9564 6403 303 5957 1903 8496 3097 2196 6465 6040 4381 9476 4698 3279 224 7456
37 7047 3878 3471 6155 676 3049 3151 4251 5105 2175 1301 6263 6893 5000 8536 799 7346 8490 234 8190 3499 4406 8587 7133 8303 7506 9938 7145 614 8690 5009 4459 6013 4947 2371 9847 3642
36 6897 1365 7329 8717 2752 2873 8201 0 8235 8486 6847 360 3146 5852 3136 2683 9453 9668 4737 3869 6400 759 9644 827 9114 3133 4362 4783 4664 5882 4840 9293 6094 3901 6480 7936
37 7337 5966 3682 2141 6520 6985 6990 2950 9457 3304 5490 6856 3058 2122 9222 4986 9381 1504 3458 3576 2407 7879 1884 4211 4220 5684 4859 2732 2491 894 634 415 4895 9152 7718 9527 4901
36 6885 3256 660 9166 7694 9378 6237 4933 7408 7028 3934 9436 893 9281 384 9750 1489 2675 664 5270 6841 1272 9021 5498 7333 3077 5264 4324 9181 9082 7970 1263 9731 3540 1235 8465
36 6845 1312 89 896 6504 5610 7359 9059 9314 1692 5951 6145 71 3705 1029 6706 7196 4656 3891 1845 2639 1394 6131 7391 3526 3676 2284 8648 8823 6577 9320 9987 1255 7322 1778 4964
2 6812 2698
35 6808 2717 558 8386 6959 4 2930 8418 2770 311 437 1532 9420 4127 403 3695 6772 8051 3004 3125 307 1201 7160 6514 6391 8449 7139 2991 6408 6532 8077 1540 3872 4037 9600
38 6781 3198 6796 7421 8049 6844 7412 435 5302 4044 230 7190 2651 5327 334 855 3828 6156 214 635 9683 381 7510 5616 4330 7627 4528 767 4569 1311 1479 3527 652 8987 4257 7593 6663 7021
34 6980 6294 130 9033 4252 3205 484 2403 1307 1290 4988 2548 3356 1952 6836 4157 7102 8283 7155 2299 9509 7168 8086 6373 3053 3374 2197 4927 5275 7968 951 2850 9873 6441
41 6791 7494 656 6231 8273 2036 1076 5682 4975 7751 8377 6300 1219 3212 9548 2760 4582 116 7300 3269 9935 3437 6453 9560 9405 444 4742 7070 5893 4073 9379 9433 7287 6797 7518 6203 8916 5789 655 8194 7527
15 6669 275 4170 4458 9079 2914 9462 9989 8620 420 5343 8602 9983 322 1544
34 6638 654 7395 7496 69 1429 3443 185 9133 9658 7661 7614 3286 911 8278 6060 8124 4258 7750 2663 4475 9432 6004 4154 765 897 6774 8032 8110 5787 1270 9403 6647 960
17 6668 9868 7689 9891 7295 5313 9391 5435 150 6979 4444 4432 4241 6586 1206 609 6665
38 6613 3025 4766 8027 4480 1890 4573 53 6859 3170 2680 4158 5311 6252 5282 3974 1494 2869 7778 1169 297 1033 6939 2941 6900 5087 9843 7954 668 2336 6335 3729 8197 2571 7951 3161 7066 7215
38 6599 4182 2086 328 7611 1772 9397 6255 6105 1322 3243 6331 8603 391 4990 2857 7877 5874 231 5114 8529 5174 6050 4706 7964 8048 2073 2875 4409 7977 1108 9667 3938 7050 4913 3030 5007 7649
41 6603 6062 5213 7384 3582 5182 5051 1412 3528 9182 720 2843 2646 8760 9703 2923 1126 1642 2204 4365 6930 5037 7236 5573 7143 326 6777 7971 7444 8635 7501 2597 3084 4042 9788 7090 2616 5845 2213 1627 6491
38 6570 3581 7720 8026 2599 4476 1430 8417 6752 8518 1121 6015 7761 7071 5818 8035 5782 2171 3401 5519 9810 4623 9776 6469 6529 8785 3990 6420 6579 7857 8802 2812 2422 2523 8270 5365 2155 7492
36 6507 3042 7343 9756 7976 3036 4530 91 7379 5401 5568 7942 7466 4533 2780 8332 2551 7184 9852 8087 9647 801 4837 2750 4234 797 4075 151 8088 7717 4271 240 8070 9296 5562 3386
3 6440 4119 2996
41 6428 4141 2265 23 8927 2916 7699 3907 6005 3118 7910 8577 902 2947 2735 1564 5766 3622 777 4862 2981 700 4434 9469 5567 5989 8571 9946 4429 959 3593 8531 5981 3141 9759 731 9045 4058 4339 2007 2084
4 6430 3592 1826 377
34 6392 2182 5583 6970 7351 9629 4788 9407 6295 4559 7875 8808 4565 6213 8334 7130 4421 9734 3890 2492 2723 3550 7325 1026 3413 2363 372 7583 8637 6921 491 9650 8307 2288
38 6424 2636 1130 1330 1756 3050 9322 740 5228 4642 22 5821 6872 5533 310 3360 3981 7035 4477 6594 4033 7218 6387 3880 2592 4886 3052 7920 9402 8485 6260 7154 2094 3311 2907 8744 1551 233
17 6423 2586 839 2604 3322 663 8884 62 8913 6369 6218 6567 1668 4293 1069 4696 3629
3 6340 3187 2091
3 6261 3902 1377
33 6190 8432 5529 1822 421 3836 7691 6215 8840 1980 161 5488 5063 1406 7099 9430 9570 2309 2307 6827 4987 9226 6913 786 8521 4000 186 6769 2731 4841 9829 6732 2367
39 6198 3968 1896 8286 3781 1152 8584 9147 9356 4395 2194 3037 194 5397 2924 6098 225 8007 6670 2372 8295 5958 9624 1780 8259 9896 7241 28 8280 1953 7666 9524 3014 2779 5926 8574 9860 7907 2507
36 6197 2864 2005 7552 3306 627 3186 5368 4597 6393 6553 925 9973 1228 3982 5200 6908 922 3942 6624 6851 1511 8837 7628 2272 9965 7819 3626 3655 9074 7730 7156 9748 4585 3870 4361
37 6330 286 6265 8875 6150 5658 5251 1276 1243 499 1895 8700 4638 972 7076 6178 6388 3382 3983 8780 6521 4780 646 976 488 1696 5141 3578 3478 8112 7453 717 9586 2123 7537 6546 9982
31 6257 2335 3312 9592 7650 8910 5058 8328 266 8477 4898 9993 9179 3807 8601 8713 1057 1088 6494 1471 104 4041 7389 6909 3112 7508 5734 9505 8548 8932 8694
38 6488 1704 5632 3620 9115 3332 5683 3669 6994 7592 4457 1317 203 1329 9057 7340 3730 4813 8762 3886 4051 1906 8396 4202 1426 2449 7193 8209 2579 5120 37 6688 9934 5231 6303 824 2879 2611
16 6543 8177 8297 8464 8530 5020 9489 8727 4621 36 8042 790 2426 644 9628 7157
31 6557 5941 1818 2048 2395 3242 9310 4938 3388 1218 5175 6552 3456 4749 1498 6228 1456 3895 2087 875 3967 1722 2764 3538 3712 6619 2721 5466 8682 6061 1651
33 6229 2209 666 9820 271 3476 1059 375 2992 2622 8365 9994 8040 168 6183 9158 9411 2970 5268 1606 9140 8041 6789 3788 269 6840 1112 181 6308 2268 6404 4866 447
14 6227 7574 8565 1700 4123 3881 7061 3420 8876 8593 7727 6648 4456 2790
36 6130 3590 1109 9850 8166 2399 3811 3139 5102 5224 7361 8532 4483 4062 84 1085 9207 9716 6786 4555 8702 3162 3569 1945 8676 9496 3023 1974 7074 18 6011 5196 3906 2594 8479 9958
18 6096 3815 773 1531 4937 9669 8439 8046 5693 7526 9393 4079 1431 2011 1825 7785 7404 6809
37 6056 4052 1595 702 4217 4050 9241 5637 3520 2917 3532 9634 584 9906 7118 3063 4213 9196 1840 5394 8023 4261 9316 9897 5099 7571 7904 4121 8045 5101 7281 7107 8305 3024 5513 2134 5723
2 6042 3240
3 5959 3491 1959
16 5876 4071 3496 4238 4650 6790 7482 1133 8609 190 8680 8123 1683 4021 1935 9287
2 5798 280
3 5919 3155 688
36 5835 3448 957 3119 9646 1417 9937 3783 5353 7960 9854 363 718 9964 1934 4919 5330 4120 8168 3512 7365 4305 3414 1940 9638 8342 8633 2884 8770 105 2567 7478 5317 3633 3913 411
16 5832 2452 596 4122 288 1210 4495 93 5556 6547 4577 2097 4844 2255 1034 8352
1 6021
32 6152 6623 2293 6348 7327 1998 1839 4388 7670 2867 7059 567 9043 7114 2324 5924 9674 8480 4035 4499 9234 2455 885 3572 8388 7799 3687 6784 3663 2530 5681 5823
36 6770 8492 3333 2195 3283 6049 1160 9533 7046 5035 4168 39 7589 4045 3446 3963 7385 8139 7129 9928 9846 495 2361 1528 1208 3309 9061 9348 1005 8527 7616 1943 6881 8353 845 7502
35 5955 4794 5031 9073 5654 2018 7777 2064 1610 4929 7472 5647 5694 2408 9792 1401 5947 7018 3301 999 4321 4404 3773 4269 4536 3591 9945 6593 732 7705 4580 2345 3008 2901 6246
16 5801 6214 1816 8625 9956 9268 8701 1994 5857 4472 177 2001 5055 9720 8296 8722
38 5837 5503 7173 3698 6677 2137 2138 3033 6112 8460 4247 3774 9067 8159 5869 5993 2617 4471 693 4112 4596 2319 4187 6505 3372 8340 3115 5710 8905 6501 3586 8084 6920 9778 4237 6498 9556 5921
37 5777 1143 3693 6093 1275 6973 3764 8421 2439 8737 1420 5976 8131 38 1908 6763 9261 5800 2882 758 4125 8155 5385 9480 1748 7749 6805 9449 346 9819 6141 2311 47 3589 1345 4871 5255
36 5645 5049 1186 9755 6351 3411 7406 3090 1194 6584 6472 6225 1402 115 6684 628 8630 8362 7212 1571 8226 7231 248 7732 5179 7716 8059 8357 8075 9523 4360 9112 2776 2925 4605 6588
1 5703
35 5673 9957 3972 2715 4046 837 6966 1804 9990 3320 4782 2184 2019 32 5972 1496 1173 2484 6526 591 8098 3357 4626 3523 2089 828 826 5521 4531 8081 7223 2516 1991 9841 5674
36 5634 2648 7946 8850 8566 7543 2339 6452 3479 2334 926 4641 9093 4665 9110 7377 2148 9118 1358 1392 5758 9264 6963 1910 8212 3497 8157 9569 6981 5359 2248 6495 3962 5774 7854 4275
37 5604 3039 1577 5984 4091 7864 3953 2966 7728 1689 800 8469 6708 4857 1548 1444 600 5909 3271 8908 6180 5755 7181 1336 4572 774 9341 5339 1658 5225 4105 7521 7789 8928 1484 7471 6148
36 5588 3183 1492 5771 8143 2037 8204 1612 7464 3858 383 3254 6989 8145 5974 9501 1482 4776 4280 4614 6807 8757 2174 2974 7685 6834 7827 7339 3081 7125 6136 796 9358 1001 4063 8799
35 5500 626 5136 874 3268 2343 9678 2154 8111 3439 6750 9883 878 8222 8455 986 3585 3723 3344 903 5810 1523 4399 5458 7372 2816 5663 7301 8940 9025 2170 3226 7997 8132 1177
37 5482 3265 8447 9568 6092 8950 1241 9915 8754 6099 2536 7931 4520 6914 7009 2878 7884 1667 254 9297 1403 4738 2026 2460 2192 5338 1332 8998 4209 5765 2434 2261 9134 6673 1106 4111 1637
32 5465 1425 2152 7335 2145 9754 7637 8958 2238 7316 1370 8215 5701 92 2984 9996 7126 9830 6962 5123 8208 2127 7293 8647 4681 3588 5459 378 4683 6842 9343 7234
37 5535 554 7244 1124 571 8681 675 4734 6562 5084 1671 9835 3863 4823 7056 2428 6338 2287 2034 5447 3043 4054 1624 1084 4142 7862 1183 7376 3848 4905 9576 621 4352 7729 870 6121 6576
36 5552 2803 1491 3855 6563 5990 173 9954 2722 373 4921 642 5497 412 5720 9712 733 2364 2411 2070 1450 1619 4972 5979 8102 6517 1443 1900 8554 8018 6153 3168 2915 1533 3285 1911
32 5524 1364 61 2304 7575 4739 5522 456 7561 6550 1120 9260 8573 4428 189 7167 5378 2708 2727 2341 9998 5986 4853 9028 1663 6467 9572 7106 8918 8539 2719 6422
34 5455 3452 4503 3044 5207 8162 7679 4694 6205 3745 6740 7455 7847 1724 1319 4132 3003 4855 6439 7700 6518 3376 6288 772 6270 315 3002 752 1878 1576 6506 2189 1350 2791
36 5371 3628 4994 4803 3866 6718 5229 8176 8968 9975 5312 2835 3797 3553 2577 1853 1451 6998 6078 7994 471 8491 3737 6346 6144 6370 1481 5589 2454 5582 3354 4811 5526 1801 8583 9558
38 5266 3511 1125 9635 5472 2252 7232 5436 5079 4692 3465 8476 5597 9908 2382 9458 2632 8761 9547 95 1832 52 7975 9944 3029 2180 1355 9048 9652 695 2250 1714 1316 5285 1678 5877 3529 722
35 5370 6683 9075 7253 1267 4053 393 7369 4831 4652 2590 8350 3795 8020 4160 7199 96 1828 2972 834 3222 9641 8822 7 1982 6281 6911 632 1281 7413 6052 769 8151 9882 2994
36 5354 476 3149 9836 1907 589 3667 8463 739 2595 9842 8862 5064 6849 3124 8390 2165 2800 8475 4109 4750 3971 505 4860 4670 3965 7497 3864 9631 8902 9924 2718 3057 2099 8898 9837
14 5262 5532 3640 5826 4697 232 6658 760 927 5975 5121 3986 5395 1490
40 5260 3875 2734 750 7096 4996 7698 1175 7416 6313 9963 8320 7356 3100 2274 7703 1872 1647 8552 1303 1091 1936 6450 8129 2485 1950 2660 1803 6297 6536 7562 9167 2883 5527 5937 8953 2119 950 1212 7368
1 4980
38 5254 3236 1573 5756 9236 6459 5460 5542 1203 2242 9781 974 5514 4443 2355 3685 2657 5581 2077 7378 1567 2692 4244 3293 2133 8199 6589 4781 7085 8557 2588 7972 9633 8244 9991 5050 2582 7774
36 5057 1764 4632 5545 2526 3671 9494 7866 5296 6296 9976 5036 6590 1988 2276 6486 6749 7431 7556 6530 1469 8614 2806 2700 7479 864 201 1514 1669 1682 7807 8830 6755 2075 518 5666
1 5233
39 5325 6720 3027 6928 2640 1220 605 3847 308 8478 6978 6523 6715 4497 6378 6993 5427 2615 2464 9232 9794 4538 7273 226 8495 1591 3789 2222 6855 4651 7498 3438 2063 3614 7810 4872 9444 4965 3107
16 5160 5492 8400 2042 3557 8250 1750 1368 3429 2846 323 9690 2943 4774 140 3094
37 5062 1999 3929 3460 5134 3612 7769 9856 771 901 3018 1118 5601 9012 1023 1698 1870 5015 1719 2949 3013 8866 4924 6788 7646 3966 2356 6455 5085 4908 6745 426 9398 4268 1954 3504 6051
38 5046 1599 8657 4802 9772 768 6634 4377 8263 6572 257 3670 3490 3314 4215 1314 4448 1552 318 2462 6758 4648 285 8271 8839 3394 2787 7657 1628 4979 485 3459 1279 1115 637 3957 6088 4331
35 5014 3632 2785 5511 5534 1260 5 4514 6522 5439 2320 70 8347 3975 9618 6298 1094 8550 7779 2327 6343 7041 6383 9265 4968 6316 7480 8363 5110 1446 953 6217 8819 3876 2451
33 5030 8170 1976 9095 8549 4903 7513 106 4025 1082 9760 6773 6018 3464 6399 8341 9047 8758 507 3824 6967 5641 2081 7451 2443 6289 7457 486 453 6798 2670 1690 75
36 5147 6600 3643 5668 1380 1760 7605 7338 5274 6675 5119 7767 4732 9072 5024 5664 1774 2225 1382 2043 5081 5331 5463 8 3768 4024 543 7073 7440 6838 1449 5569 8986 7965 9163 2436
34 4974 929 8983 108 5387 6275 1795 1677 1009 2574 8262 5068 8245 6813 2066 2235 4761 6438 1613 2047 2886 9085 1733 4285 2347 9374 8179 1790 2618 9148 575 578 2804 1363
38 5388 5555 6258 4219 5910 5082 7286 9585 9183 7392 3341 5407 8260 5803 6646 4578 5716 1535 3605 2631 8720 5186 3539 4879 9532 3597 3862 723 7465 50 4319 2751 6325 6901 587 2620 9643 7414
33 5467 6200 8513 9606 6374 4165 221 7375 2771 2161 1007 1516 1395 9116 9833 6951 2893 5299 5790 9587 481 6058 3089 6132 5995 1506 8622 1594 192 6377 4998 7978 7063
35 5557 2554 4214 8438 8445 4250 343 3854 4341 9442 4163 2928 3127 7588 5220 1706 9823 7733 6466 6110 2602 3945 9656 9062 3739 3469 942 5294 7770 172 6028 2349 1367 7460 5517
33 5613 5653 6475 5566 3391 9708 8790 3558 2477 6277 3794 8191 7237 8963 4829 8223 4328 5642 5640 1955 5164 4206 5004 7169 5785 8929 2778 8533 253 3207 2444 8631 5638
36 5939 5934 144 2963 4018 6554 2644 8553 8036 5769 8655 9562 3191 2370 4423 1968 2704 1142 4027 6302 5340 268 6087 7095 6031 1274 9198 4993 374 4490 1227 7856 368 2431 7608 2504
31 5944 1768 2205 2614 6869 9590 164 2313 2892 7743 1158 4869 8665 603 568 1353 9424 3287 5001 8827 2827 4029 2438 9377 8818 6324 6503 390 5970 6952 9932
34 6001 8934 5895 9484 4082 2840 402 1302 9153 5749 1000 2647 7370 9068 4161 917 2593 3837 1 7433 9566 8301 7254 728 4173 7600 4150 1470 2866 5870 2881 5698 764 496
35 6319 1779 5116 357 2024 2258 679 2433 9324 3167 5222 2100 8189 2465 8886 4226 9595 449 2564 4836 6417 992 1296 6095 6825 6723 8706 2383 2104 581 4682 8596 6776 7903 8805
36 6671 1807 477 4400 5308 6322 2375 8679 1167 1871 7135 8089 3315 1960 3926 6484 153 6448 7795 2653 4094 1710 631 6558 7874 9834 8136 3977 6239 7128 9865 8409 8743 3403 6537 3227
37 7030 1556 3519 2736 9139 3292 6007 9315 2853 2542 5133 2028 8889 1880 5830 8482 5027 1894 99 2979 4838 2445 461 1366 4405 6937 6108 2529 3838 7602 1305 2308 6988 8225 7839 2016 2681
35 7487 9743 7929 1049 1631 2058 2096 1485 2303 8483 2931 7873 8691 6471 9902 3028 6175 2312 1537 5614 8684 5927 6193 1065 7454 1018 823 983 6222 8516 1655 6332 4707 2528 969
33 7704 5475 9699 9384 7625 3347 473 4273 6436 5074 3545 648 3606 9092 1044 3321 6892 8787 3400 2110 354 842 8444 9711 1078 4537 8836 9253 5936 5280 2781 3857 4978
30 8207 2263 422 2746 610 1865 5639 1081 9921 7802 3563 1056 6253 9959 4669 3102 5056 4541 7563 9801 3012 1251 7895 25 7711 5633 5543 8290 3059 9212
36 8406 1842 2512 1499 8234 4587 8526 9350 4348 7664 7484 6191 4136 1933 2004 4098 5767 2237 4676 8599 4522 7217 9929 5853 1230 3658 8474 9004 6076 6832 2709 4437 2143 3956 1946 3767
33 8590 7014 8052 2253 4636 35 662 794 1028 7580 5322 753 6954 7443 7860 5833 9877 2753 4470 1584 8429 7495 2641 1902 963 4505 8672 2537 5215 9094 2249 7187 9478
15 8835 7529 6936 2186 4629 5797 5912 7347 9725 3215 7784 4460 9247 8755 2463
17 9243 8434 3385 4966 1515 4093 1004 209 8349 4263 7401 5793 1168 54 2397 5611 5367
35 5383 551 2858 4607 7144 6622 4089 8322 1259 991 5124 8659 3095 5761 3152 2300 4814 3740 302 325 3378 3638 4928 4920 9879 298 8243 5819 7604 9679 9535 4552 8585 5779 7207
1 5326
35 5130 9584 6664 6474 6284 8693 2677 9242 8494 4524 848 1545 6185 4374 529 858 2973 9763 3463 6539 8210 3193 2899 4595 1180 5722 5363 4296 5719 5386 6159 2544 4832 3080 7134
37 4967 2922 612 2365 6655 1560 3405 8663 4323 4358 8389 4500 3078 7824 228 6941 863 6433 5956 4970 6628 8313 6734 438 2871 4233 2486 6592 2545 1957 8994 7617 5491 3664 6947 2561 1298
34 4960 3492 6610 3501 8778 291 2144 8564 3871 141 3156 8944 8499 7423 8861 8814 7171 2387 7829 8116 2118 9749 176 6118 1617 7659 932 5408 6356 6181 1071 9161 9404 9895
35 4949 4060 5077 6032 629 7086 541 5390 4521 313 2050 2826 9655 7043 965 623 6075 418 4496 4070 4056 4991 7634 1077 1107 1912 8838 1337 9962 6704 4619 8228 9015 2783 7417
14 5097 3681 350 8613 5860 5318 8865 5916 3984 5168 4370 3608 7830 4930
33 4935 2198 3128 563 8083 5117 5705 2106 1245 6793 6160 7610 4375 7941 5840 4420 7586 5356 6607 9553 7285 2742 4198 1388 9603 8169 8777 2257 641 2904 2380 7153 7722
36 4904 2297 2330 928 6756 7177 6566 1784 1657 8641 2955 7091 8505 2643 8604 6082 5450 4276 6462 5026 4438 716 247 370 7710 6285 7548 2102 1497 8323 948 8979 6397 2273 4923 6301
38 4891 3883 3235 5195 429 5298 3275 8746 5170 8517 8783 8652 3055 5828 4081 1721 8140 264 4072 3213 101 1161 4103 1213 8300 3714 3217 5203 8748 1331 129 9221 7119 1543 1288 6161 5361 7341
4 4467 4078 2772 671
38 4398 1134 314 5794 9804 2147 5126 2868 9943 8292 3715 3865 3262 9654 5428 3251 4748 7493 9252 981 9011 7630 3325 6759 3776 6307 9807 4854 9715 351 6022 2627 6358 8195 1672 2215 4771 9784
36 4801 405 5069 2482 9219 3177 4408 7203 7110 9172 9289 2538 5413 7355 5847 6174 1452 3461 7681 4164 8269 2726 3916 4208 7311 5518 880 7714 4450 8247 6929 5918 5372 8589 126 1793
2 4804 3179
1 4830
38 4852 1965 445 6578 6890 5128 5333 294 899 7944 107 4889 4785 8258 8253 4667 6386 8185 6026 3026 4340 3535 4946 5631 5750 279 3999 867 5143 5449 8127 6659 6916 9099 5054 836 2952 7364
34 4768 3720 5149 5476 8872 2358 9302 2748 9880 8993 4396 2055 9812 8907 8661 2404 5994 3211 6323 9513 1013 7103 8198 4441 9386 4102 9205 9201 4297 7100 7804 6513 8964 8909
38 4611 3123 846 8903 8586 3524 3455 7773 7598 1411 8005 3234 6412 452 5352 4382 2534 6418 9588 4080 830 985 1623 424 6571 2366 8359 6917 2392 2079 3352 8749 2834 9927 3522 4512 8351 9700
33 4753 1539 915 1860 9811 9777 1229 7240 5355 3144 7209 9526 5661 9769 5839 8871 5827 56 8425 2113 355 8973 8662 7535 6089 410 8962 9291 4407 5725 4561 9645 8392
36 4764 1348 4660 5247 3410 5829 9549 2468 572 1944 4003 987 7409 3484 5768 3819 8066 2546 2278 3047 6079 4645 8420 7262 6894 9519 5753 3947 6534 8803 6972 8893 3366 1738 1990 5211
38 4523 3611 7216 8080 6864 9636 3623 8726 9394 2738 2142 9231 6860 5297 8008 933 1436 4511 4925 3747 7044 86 7898 3056 4357 4663 5888 3980 5243 312 3135 7289 2510 9613 5161 5489 5851 5392
35 4473 1574 6931 3302 3746 9263 7185 7299 6286 8812 465 1749 8335 1459 1744 1914 7844 8578 2130 7248 7410 9676 246 5271 4772 5140 7734 4631 3196 31 7246 7764 2493 5410 7641
35 4574 3833 7458 6983 1178 7668 2920 939 9583 6470 5510 4792 7407 9871 8938 1761 8901 7069 3073 6802 1240 905 5708 3475 8735 5576 3823 9101 2360 3157 2385 4699 5635 7533 973
38 4760 1660 9791 4099 7279 3266 1794 956 3489 2415 1207 8147 8815 2998 5848 157 9707 7924 9400 4492 1495 9528 4763 3549 1970 5630 5494 8923 579 4176 7360 8788 3406 8416 5375 2585 277 7756
37 4661 3169 8073 3324 9052 82 7180 813 3281 7163 1089 8318 9332 3131 1796 6915 8675 3657 9893 6760 6695 4861 1164 8612 7198 5172 8202 8393 7052 7517 1393 8750 3345 7801 1638 2668 3143
2 4616 138
37 4581 7984 5908 7060 3331 2166 971 9406 6971 2179 9270 1680 9575 822 8821 4425 2944 7058 1054 7159 6334 3596 5655 8113 2696 9105 6401 5992 4403 735 149 8695 9563 9113 9580 4881 5987
38 4759 7251 5669 4151 4009 6753 5166 3114 5587 9415 1549 734 5904 7039 1630 4689 5080 1046 5727 1439 5531 1341 2988 9016 8452 5892 8275 8126 146 195 2427 1951 7477 6415 5618 4516 9481 1289
33 4469 436 188 5237 3763 9790 4567 3917 9898 9006 3989 5350 7531 5791 3435 2686 9 6414 9421 2888 5741 1073 3142 8930 3933 2190 2865 7520 1181 127 3421 1697 8887
33 4634 3656 5185 7026 2212 792 3335 4134 9531 7812 1233 7352 3631 1948 8925 475 2741 2206 9659 1216 4618 1043 8380 6080 9514 1731 9277 262 7858 4680 1327 2956 7272
16 4466 2766 9366 5345 961 9129 2701 7158 1542 4809 9425 290 5366 1899 67 1972
2 4322 2414
37 4246 3701 3201 1053 7147 408 1487 9753 793 4306 1986 5329 7432 5890 6780 4343 7491 3888 6565 8217 3088 3718 1075 4554 9574 7017 3521 7461 5599 8567 6002 65 4224 3826 8879 9799 5193
1 4260
32 4303 227 2933 3259 3680 970 4828 9939 261 8493 3925 7776 1182 4906 5259 9389 7310 3567 6724 5131 4649 5288 944 2934 8160 1978 7094 1361 3148 3349 6810 2494
31 4494 7793 5740 2244 4910 2768 7607 6267 2409 9798 7062 8617 7958 2080 8255 5718 9122 8288 6768 2333 6083 8674 9171 921 5011 9686 2691 2105 5507 7805 711
36 4501 1468 1140 6889 4200 8651 2673 3625 1777 3887 7374 9090 7282 9311 1223 2837 9617 2714 8972 4570 255 8171 7350 5139 122 5858 3093 3924 9610 293 1454 7121 2008 9968 6598 5486
34 4662 3258 3679 7020 7579 304 555 851 4315 5301 871 5547 4945 3434 3416 8509 1249 5786 7888 8519 2227 524 4133 7504 6641 3750 1129 6248 2095 6654 9474 1727 1268 7540
1 4671
33 4349 7015 8841 7986 8714 4639 184 5376 5053 219 1074 7935 564 3879 2817 5152 2872 14 9295 2702 4016 8473 5933 9608 3559 1254 509 1486 3289 2306 3468 4956 2480
35 4397 4259 1051 4976 738 9456 7296 8274 6630 1708 6997 4316 2316 3010 643 2508 4113 1927 9596 2929 2131 6528 8795 3787 5544 8344 8252 3066 4337 2703 9765 3138 3159 3048 5453
36 4447 9460 5938 5112 7084 1961 4887 4486 7541 9186 2601 1020 1092 7188 3121 3923 3377 7146 270 1391 8497 8626 3738 7250 5824 5190 5300 1017 9886 2990 5711 1820 1079 7424 8265 8385
36 4922 1712 2693 3264 3992 5307 4231 3556 4205 8528 5277 7291 8213 7706 2610 865 8248 7973 4368 4177 112 8133 7578 8379 46 4939 2199 3163 9124 1580 5985 3959 7900 4556 7747 6511
37 4474 8781 5751 60 2633 504 9955 3904 685 358 4679 7753 3310 924 9844 1507 2739 1052 4139 8534 7210 1684 6957 4876 2880 9206 2619 9905 8685 6713 6818 4479 1601 4422 6264 6055 9346
1 4805
2 4189 2139
