11 9979 6329 6307 5566 8419 7382 7187 8605 9765 6250 4018
8 9985 9963 8134 8060 9587 9555 9569 2853
8 9976 5881 4379 3362 9933 9426 8098 5682
11 9935 3409 6125 8348 7097 9006 9802 8295 8430 5354 2276
9 9913 9994 9403 8172 9008 8043 6959 6291 2878
4 9901 4428 6164 4887
6 9888 6252 9993 6606 4987 939
9 9864 9978 8474 7959 9095 7001 6405 4978 2508
16 9847 5445 4882 5875 3830 9190 7555 8289 9269 9021 8048 8282 7238 6715 5918 4865
10 9920 9872 8339 8221 9745 8320 7244 6458 5685 4968
11 9820 3990 3502 7014 8115 8234 8611 9451 6770 5551 3069
15 9799 5716 5027 5636 9738 8970 9607 9366 8443 8355 9198 7105 6621 5865 3836
12 9752 6269 4170 6012 7882 9222 8511 9233 9016 8260 9430 3172
6 9733 4143 3647 9905 8433 5592
9 9996 5054 7679 8345 9594 8769 7880 7375 4726
6 9852 4154 8804 7990 9753 5953
11 9707 5902 4537 4826 8665 9667 9302 9253 9336 9354 5173
6 9698 4494 3471 5757 9349 9910
6 9679 6039 9977 6675 5616 2786
14 9675 5222 4194 6029 8796 9561 8857 9163 8528 8794 9390 7563 7057 5950
8 9685 4815 9262 9838 7961 8053 9196 8921
13 9974 5090 8530 7162 8798 9460 8287 9005 8613 7052 5629 4129 1958
12 9670 4349 8609 7498 9270 8931 8558 8222 9241 6624 5407 2210
9 9626 4935 8434 9151 8239 7942 8139 8862 4197
12 9649 3490 9018 9778 9275 9455 7917 7822 8648 9532 4719 1403
13 9619 5341 4984 3540 5377 8176 9809 8953 8729 9500 7886 9668 8069
13 9581 4536 4058 5282 8991 7837 7903 8767 9194 8568 8137 6260 3274
10 9563 5491 4836 9897 8620 9153 9124 7821 7669 7441
5 9550 9984 8959 6514 44
11 9595 5428 8028 8197 8258 8230 7780 7772 6351 5266 3987
6 9691 3701 8909 8485 8105 9723
11 9768 5285 9202 7048 8516 9193 9051 7739 7618 8847 5044
9 9851 5663 8245 9894 8845 8208 8589 7485 8377
8 9544 3583 9564 8316 7972 9736 5110 2208
12 9523 5161 5654 6718 8995 7066 8182 9798 9066 8090 8131 2307
6 9514 6002 5245 6548 9148 9530
6 9449 9989 7995 7964 7412 7252
7 9411 4546 3321 9895 7742 6539 4923
9 9409 6150 9964 8431 8689 8604 9007 9374 4955
7 9402 3396 9132 8901 9651 9582 9359
13 9405 3692 5540 9042 8101 9272 8125 8325 8777 7833 9014 7160 6300
12 9406 4112 5107 8782 8193 9865 8235 8211 6661 5939 5443 3275
12 9452 4246 9100 7564 8814 8616 8522 8005 8507 8898 5798 5460
9 9463 4673 8854 9195 9482 8067 9092 9173 8994
12 9473 3445 7256 7271 8883 9848 8643 7919 7838 7786 8490 4841
14 9393 5860 5304 4742 4781 4910 9737 9513 9162 8720 8251 7201 6355 5150
9 9347 3333 5409 9758 9367 7969 9467 9172 4341
4 9459 9860 5395 3032
14 9325 5335 5018 4525 3988 4109 4806 7191 9160 9236 8919 8517 5435 2625
12 9313 5885 4648 5829 8146 7912 9817 9152 9063 7896 6769 5672
13 9305 5934 4661 4854 9574 8656 8512 9107 9260 9169 7242 5874 5003
11 9291 5818 3565 7683 8603 8166 9060 8577 9461 6477 4700
12 9283 6135 5006 7602 9138 9934 8524 8813 8805 8046 8308 6631
13 9216 4842 4794 5779 7971 8264 8676 8358 7893 8168 7228 6230 4747
12 9207 4618 5954 8653 9647 9192 9862 8065 9266 8941 5718 4766
10 9187 5626 7492 8851 8304 8734 9427 7540 7385 7173
6 9166 3951 5307 9952 8383 9515
10 9306 5917 7135 9687 8344 9053 8501 7615 9304 3286
11 9401 5182 7884 9911 8010 8478 9600 7514 7215 6717 5030
11 9412 5120 8682 7466 8225 9079 9529 8249 6869 5775 2554
14 9495 9815 8403 8984 8444 9462 8442 8600 9568 7606 7332 6976 5607 3780
9 9503 9842 8987 9114 9395 8908 8482 6934 5790
11 9246 4050 8378 9379 9870 9588 7918 7835 8332 6194 5819
9 9267 9757 7847 8869 8326 9488 9580 8641 6170
11 9274 5212 8615 8659 9498 9218 9509 7854 9176 5275 4332
11 9320 7086 8772 7245 9075 9221 9080 8392 8411 7393 5286
12 9556 5620 7785 8416 9722 9708 8781 9432 7624 7408 6569 1336
9 9666 5777 8575 9684 7613 9793 7074 6433 5571
10 9191 6265 9068 8801 8121 9310 9154 9311 6191 3458
10 9316 7876 8529 9641 8218 9825 8706 9690 7731 5416
10 9627 9680 8034 7643 8150 9331 9695 9145 7748 7093
9 9140 5086 4788 4214 3368 9341 9186 9829 5362
6 9121 9946 7921 9454 7059 6011
5 9090 5983 9878 6315 5531
7 9087 6255 9538 8719 9850 7038 6127
9 9137 6021 9273 8864 9358 9565 9540 7533 5068
7 9128 5425 9159 8968 9787 6154 3484
4 9255 8536 7994 9287
11 9282 5888 7916 8631 8160 8544 9102 8364 7758 5575 86
9 9469 9871 7554 7207 9800 9278 8422 9476 729
9 9559 9923 9837 8661 9699 8837 8363 6676 5111
9 9602 7034 9265 8793 9841 7828 7639 8980 6342
12 9806 3370 7745 9027 7915 8074 9119 8006 8226 6534 5926 3456
7 9813 9696 9179 9298 9835 8349 7909
11 9845 9458 8688 8763 8479 7818 7083 6878 6623 6051 4057
11 9965 8768 9539 9474 9548 8455 8893 7496 6505 5784 4077
11 9084 4855 6377 9907 9391 7736 7524 6585 5937 3713 2224
10 9046 3773 9116 7169 8817 9040 8572 7476 6626 5669
9 9020 4511 4830 9624 9542 8297 8275 7713 913
14 9003 6160 4387 3329 5541 9109 7693 8242 8336 9352 8130 7518 6817 3224
7 9052 4048 9929 8276 7813 9329 1136
7 8965 9959 9294 9499 6955 5504 4124
11 8962 5218 4196 6710 8951 9823 8381 8201 8015 8982 9472
13 8979 3680 9846 9741 9397 8738 9161 9147 7584 7257 6664 6273 5269
10 9012 7203 8662 9593 9112 8465 9660 7733 4918 1207
13 8978 9705 8094 9268 9029 8881 8846 7980 9189 7348 7054 6603 5294
5 8967 9885 7151 6479 2038
9 9011 8742 9859 8415 8677 8602 7413 6935 2318
9 9030 8816 7534 8492 9170 9715 7869 9573 1547
8 9078 9681 8018 7998 8354 8082 7146 4271
9 9385 8486 7931 9480 8498 8467 8057 5474 2659
12 9543 9575 7668 7746 9611 8470 9323 8041 7953 7424 6889 5175
10 9631 9171 7309 8550 8669 8399 8702 8612 6242 3589
11 9636 8882 9028 7900 9880 9122 8716 8654 6258 4783 2813
8 9744 7665 9054 8009 9036 7824 6212 4425
8 9805 9645 8780 8935 8828 8333 8087 5563
8 9869 8637 8285 9394 9368 8390 8402 7264
10 9874 9182 7633 8460 9621 9069 9168 7310 6490 5977
9 9890 8766 7840 8014 9351 9257 9673 4650 144
14 9944 9735 8860 8743 9630 9201 8036 7776 7717 7480 7338 6944 6112 4509
11 8950 4630 9353 7692 7812 8237 9866 8365 7951 7131 6111
13 8932 3697 3424 6409 9242 9001 9877 8954 9417 7803 8690 6084 5423
8 8890 9966 7910 9369 6828 6080 3378 479
6 8878 9998 9807 8240 9545 5961
7 8848 3936 9854 9277 6918 6019 3080
6 8892 9549 7685 7239 9917 8824
14 8840 6123 6202 9527 7234 8359 8912 7932 7852 9596 7400 7166 6691 6348
12 8787 4455 3915 7642 7366 9139 9344 8096 9317 6417 4723 2169
9 8783 5748 9751 8505 8911 9713 8070 6016 4729
3 8773 9990 5264
6 8758 9992 7999 8812 8762 8618
8 8736 3579 3717 8192 9873 8123 5855 3569
13 8731 5381 6068 6000 7445 8109 9142 9055 9775 7290 6339 5253 4817
12 8728 4583 3549 4980 9130 7092 9822 7978 8975 8836 8582 4592
9 8711 9967 8283 9415 7991 7154 6148 4909 2130
15 8708 6044 4078 3430 9633 8353 9319 9136 9175 8733 7902 7725 7596 8884 5877
11 8739 3885 9475 7794 9026 8839 7908 8861 8185 5587 4750
6 8703 5598 4644 9986 7410 5471
9 8698 4437 3739 9950 8693 8875 8180 7937 3562
12 8675 5113 3317 3366 9652 8107 8913 7611 7509 7295 5964 4891
10 8699 4020 9381 8687 8291 9597 9491 8724 7783 5179
10 8715 7312 8228 9553 8129 8322 9223 8726 6096 4348
13 8774 6413 7698 9276 8494 9533 8776 9178 7814 7202 6295 5524 3860
12 8832 9634 7567 9408 8872 9431 9125 8696 7539 7350 7138 6221
11 8902 9209 8058 8627 9786 9413 9290 7283 6844 6358 5647
12 8792 9654 7636 9226 8811 8672 8269 7832 7676 7519 6494 925
12 8713 6420 8155 7508 8969 8248 9149 7863 7204 6702 5544 2170
4 8670 9970 4545 3517
9 8640 5235 6110 3557 9346 9811 6317 5978 3931
6 8587 4208 6208 8038 8294 9693
11 8630 4233 5712 8938 9089 9110 9471 8386 9025 6782 4641
10 8586 3842 7682 7562 8334 9231 8907 8441 8519 6152
4 8578 9980 8993 8596
9 8564 4084 9702 9478 8755 9009 9615 9646 9380
6 8559 4873 5710 6473 8506 8563
10 8629 4225 9033 7532 8545 9279 7878 7660 9227 4790
10 8566 5228 7769 8017 9739 8252 8469 7997 8581 6870
10 8573 9743 7284 9856 8891 7423 7126 6354 5274 4488
10 8574 7085 7907 8312 8049 8335 9445 7906 6687 4662
10 8786 9485 8110 7515 8064 9245 9772 7751 6748 5454
14 8557 3546 3585 8112 7301 8401 8974 9674 9672 7842 7644 9131 4962 1425
11 8520 5698 6360 9410 8809 9376 8905 8825 7583 7795 3812
12 8518 5971 3855 3354 9127 9370 9330 9682 8660 8923 8210 4757
13 8509 4150 3572 6536 8116 9789 9470 9598 8056 8327 6445 5273 4156
15 8489 3786 9640 8523 9729 8721 9113 8680 8885 7925 7888 9577 6079 5688 757
9 8484 3696 9957 8255 7845 8380 7358 6721 5412
9 8477 6139 3849 6186 8303 9782 6388 5476 3745
13 8420 6155 9951 7874 7380 9896 7958 8388 7938 7537 6568 5987 4568
4 8458 3381 9915 4741
14 8425 3596 4299 8868 7477 7176 8745 9591 8765 7801 7251 6524 5446 1653
10 8435 5205 6749 7901 9357 8819 9258 8948 7011 5828
9 8449 4807 8190 9082 8135 8144 8385 6997 4755
12 8459 4957 7167 8250 8318 8100 7652 7597 7374 7112 6700 5840
10 8406 4948 9987 8810 9501 8352 7565 6827 5814 5248
15 8395 4601 5858 3493 7604 8229 9378 9318 9399 8152 7288 6685 5854 5331 3346
10 8342 5517 9947 8368 9420 9247 9315 9648 7766 5265
11 8376 5771 9612 7865 8997 8317 8886 9703 9259 6573 4393
10 8426 7934 7761 8534 9285 8145 9560 6453 4023 1452
13 8447 6128 8085 7193 8027 8855 9728 8321 8897 6867 6289 5459 3858
13 8329 5227 3918 4833 3319 7387 8904 8599 9777 9637 7089 6314 758
14 8310 6198 5948 3371 5187 9440 8261 9348 8405 8313 7349 6750 5696 3950
16 8292 5406 4706 5996 3938 7856 9496 7873 8481 9762 8579 7659 7359 6789 5935 5046
14 8370 7867 7883 7211 7316 9479 9386 8756 7839 7774 8452 7181 6731 6104
11 8548 6352 7730 8820 9237 8314 8081 9521 7688 7405 8217
10 8323 4107 9284 8366 9780 9663 7946 7566 7459 5753
4 8302 5480 9876 7049
10 8290 9981 8510 9361 8476 8170 9622 8429 6917 5065
9 8277 7196 9943 8284 9590 9061 7168 6311 2363
9 8274 9804 7361 8906 8732 8655 9307 7183 6470
10 8271 5856 3783 7425 9157 8471 8619 8113 4399 4041
4 8227 9898 8870 4296
10 8262 3575 4875 8614 7282 9031 9784 9059 8924 7773
10 8213 4260 3375 8030 9228 9755 8066 8683 9097 5376
16 8209 3541 9628 8681 7253 9101 8830 8992 8623 8011 8607 7029 6461 5726 5144 2563
8 8328 3966 7464 9875 8265 6434 5588 2252
6 8204 4507 8379 9388 8111 9803
12 8189 3947 9576 9015 8673 8436 8635 9552 7189 6210 5449 5047
8 8203 7102 8051 9884 9335 8859 8369 7700
6 8184 9982 8451 9220 6693 5760
9 8179 5466 6942 8236 9424 8063 9756 8468 7472
13 8175 6263 5440 4624 9289 7113 9779 9616 8914 8867 8397 5791 5198
9 8158 4920 9065 8373 8162 8934 9214 6257 5312
6 8149 3891 6245 9044 9827 5404
14 8102 5572 3616 7479 9566 7843 9083 9605 9343 7841 8278 6099 4484 3110
8 8086 3758 4940 8288 8590 9664 9519 9677
7 8029 6304 8093 7579 8493 8540 9360
4 7965 6321 9960 9326
9 7957 5402 4307 3743 4869 9062 8571 9770 4531
11 8024 6220 7628 7118 9328 9355 8565 9465 7667 7467 2862
8 7993 5017 8298 7933 8952 9250 9081 9520
10 8021 5711 9948 9141 9863 8927 9750 9024 6840 5493
10 8055 5554 9795 8990 8843 8432 9174 9689 8374 5859
9 8073 5913 7296 9510 8241 8818 8838 6994 4446
11 8104 6922 8059 7456 7898 9767 8532 8658 7781 8122 4424
8 8020 4080 8421 7041 8788 9776 5364 2606
12 7956 4959 3603 8791 9232 8244 9571 9188 8714 8735 7044 5731
8 7952 4758 4098 3442 3325 7762 8253 9714
11 7929 5034 5535 6119 7143 9899 8626 7734 7590 8331 3048
5 7948 9891 7035 6419 5618
14 7928 5424 5990 5025 9586 9429 7037 8169 8842 9468 8089 8375 5398 3819
10 7913 9995 9200 7681 7617 7484 6931 5720 5333 1507
12 7911 6159 3795 8167 9299 8873 8408 9184 7395 6792 4445 1254
5 7889 3358 9909 6895 5545
8 7891 9975 8491 8591 9034 8929 9536 480
6 7877 5887 8306 9792 5631 3880
10 7864 6168 3921 7787 7208 7134 8895 9740 9711 3857
7 7862 9988 8569 8483 7844 7789 5586
3 7861 5991 9914
11 7849 4223 4705 7386 8300 9659 8247 8754 9606 8019 3617
12 7810 4863 8042 7274 8026 8748 9212 9096 8032 8311 6958 6063
9 7799 5487 5012 9889 9249 9831 5942 5547 4178
4 7711 3608 9940 6467
3 7716 9937 6124
8 7709 4056 3578 9941 8592 9058 8414 2238
8 7927 9832 7096 8686 8097 9788 8942 9129
12 7846 5955 8079 8973 9300 8593 8281 8704 9439 9387 6853 5850
11 7704 3991 9314 9481 9219 9244 8457 7954 7702 6995 4474
13 7687 3640 3512 8695 9632 9734 9428 9453 9692 8674 6423 5735 4983
6 7657 5300 5332 9953 7753 8022
12 7640 4693 3411 8940 9836 8186 9583 8946 8080 6991 5665 2704
3 7575 9918 5988
6 7585 9925 9883 8808 5714 3781
6 7612 4467 9942 7756 8556 2816
11 7631 9419 9441 9879 9224 8697 8625 8636 9517 5270 4671
10 7637 9562 7759 7764 8917 8299 8466 9067 8947 4996
8 7638 9710 8800 8136 9049 9721 5894 2909
8 7648 9625 7337 7043 9324 7945 8752 7986
12 7677 7243 9035 9701 9541 8526 9340 7593 7450 6881 6185 840
11 7768 9761 9248 8400 9572 8061 8003 9057 7603 7404 3218
6 7779 9945 8050 8132 7825 3664
8 7792 4285 8464 9763 9814 7600 6533 2848
7 7804 9904 9484 7185 6400 5596 2914
10 7975 5783 9812 8293 7974 9356 8183 8594 5857 4185
8 8040 9457 8272 8428 8841 9048 9558 5758
12 8157 9254 8273 9074 8025 9050 7989 7708 9004 6271 5499 1288
11 8198 9610 9073 9384 8495 9726 8701 5931 4916 4374 2321
12 8207 8803 9833 8815 9337 8651 9217 7788 7568 6933 5434 3522
10 8224 9133 8562 9643 8822 9094 7985 6586 5876 5130
8 8254 8037 9085 9295 9759 8622 6229 4308
11 8309 9678 9234 9644 8108 9017 8639 8091 7111 5311 3978
11 8346 9492 7190 7068 9908 9706 8584 9398 7899 5661 3128
9 8351 9382 8259 9238 8270 8977 9676 8543 2746
10 8382 7342 9225 8779 9204 8454 9371 7268 6368 5410
3 8440 9477 7110
11 8462 7737 7811 8960 9350 8423 7723 9123 6911 5399 3545
6 8784 9118 8164 8177 9086 8727
10 8835 9364 9155 8749 8539 8472 9609 7053 5606 3712
14 7561 4885 3866 8831 9655 8988 9783 9312 8657 7526 7219 6847 6113 4961
12 7499 6381 5213 3607 3614 9903 9301 7371 7017 6073 4908 4268
12 7475 6361 5510 3807 9263 9362 9725 8256 8717 7303 6559 5293
4 7468 9922 9396 6322
8 7553 3816 8445 7019 8998 8976 9342 8000
10 7512 3537 7457 7920 7960 8608 8083 6233 5408 4556
8 7471 3334 8652 9230 8153 8537 8174 7458
8 7463 6031 9983 9292 9093 7983 8552 5841
13 7455 3869 5189 9487 8324 8644 8140 9423 8196 8834 8647 7157 5960
8 7435 3865 9251 9892 7930 8156 6612 5225
9 7429 5717 4502 9252 9893 8790 8178 5438 4649
14 7401 5497 5192 6053 9712 9392 9229 9447 9551 7892 7755 7705 8874 3897
11 7406 4657 7209 7010 9240 8200 8394 8279 7042 5788 3969
8 7428 5240 9438 9490 9271 9656 7311 6521
12 7451 3666 7442 7364 9000 9709 8829 9502 7834 7051 5415 2824
13 7546 7572 8856 7548 7629 8023 8437 8896 8678 9608 7079 5778 4886
12 7399 5808 6410 9464 8610 8127 8922 9243 7740 8541 6943 6520
11 7293 4066 6455 6034 7150 9754 9531 8114 9507 6819 5125
12 7318 4414 3462 9557 7278 9526 9321 9437 8899 7800 8480 4760
7 7287 4717 9932 9719 7744 8939 6349
11 7320 3602 8795 7103 8004 9211 7979 8666 8171 4883 623
11 7329 4016 8035 9303 9671 9111 9115 9203 8463 6288 5078
10 7398 3410 6200 8555 9288 8551 9730 8356 8722 5501
10 7357 6327 8785 8585 8933 8668 9525 8391 8957 3033
6 7346 9958 8456 8404 6981 5895
3 7325 9906 4319
11 7230 6192 9105 8214 8650 9425 8181 9599 8106 6278 4929
4 7347 9938 6266 5561
6 7355 9931 8008 6364 5555 4091
10 7319 5920 8191 8981 8963 9363 8900 8341 8054 2090
9 7229 4346 3651 4703 9375 9077 8725 8966 8047
4 7227 9921 8718 4310
10 7210 3542 7216 9143 9444 9039 8124 8538 6775 5029
10 7198 3566 7152 9826 9389 9662 8195 7487 6999 5055
10 7188 4309 4202 7494 7987 9855 8012 7895 9614 6441
9 7186 5721 9579 9930 8709 8095 9146 6371 4277
10 7180 5089 7172 8642 7944 8427 8633 8503 7335 6241
12 7156 3601 7580 9104 8151 7778 8068 8499 7836 7586 5836 3871
12 7141 4894 4635 4115 7263 9623 8705 9091 9839 9567 8337 5512
11 7140 4164 5751 7516 8549 9365 7855 8487 9334 5508 3386
7 7129 3426 8823 8173 9377 9766 3514
11 7119 4575 7277 9466 7004 9704 8461 8045 7955 8119 1680
8 7109 9991 9373 7722 7307 6667 5538 3626
13 7088 4421 9511 7411 9070 8826 9661 8280 9338 9650 6760 6010 2658
12 7114 6316 7870 9505 8126 9732 8092 9446 7175 6507 5542 4292
6 7108 9969 9528 9700 5723 2521
10 7070 6189 4733 7684 9857 9296 7436 6177 5432 1950
10 7064 4008 3821 9604 9322 7966 8206 9486 7289 6365
13 7040 5693 5359 4973 9928 8871 8750 8525 9771 7589 7305 6872 6226
12 7020 4761 8806 9790 9828 8944 8983 8888 7087 6701 6093 3349
11 7028 6239 5621 7197 8007 9448 8759 8138 7002 6285 5063
6 7013 9971 7517 7144 6795 4305
13 6965 4090 3632 8243 8956 8916 9727 8972 8894 9210 7235 5974 5361
13 6961 5387 3564 5507 9164 7434 7729 8099 9239 8233 8238 9494 7036
10 7104 4686 8187 7988 8553 9773 6637 6136 5439 2185
9 7116 3510 9180 7081 8450 9821 8531 9206 7809
11 7082 4064 9002 7344 8799 8387 9603 7885 8865 6487 5108
9 6952 4637 5500 5957 8071 9794 7024 6193 5230
14 6916 6228 4877 4184 6550 7535 9208 9205 9032 8707 7625 7416 6761 4951
12 6913 3833 7448 9584 8347 8744 7950 7473 7390 6964 5652 562
8 6912 9973 7851 7765 9383 7084 6522 5467
9 6924 5516 8367 7967 9867 9041 9601 7460 4354
10 6901 5237 6003 9199 9849 9400 8964 7771 8770 5749
14 6900 4475 3384 4228 7438 9038 9213 9181 8778 8802 8044 5944 5077 632
11 6843 5744 3740 8595 9056 9801 8751 7996 6690 5817 4861
9 6851 5816 7662 9939 8340 8849 7431 7192 6032
10 6875 4410 7690 9407 9422 8202 9434 7591 8301 4013
6 6877 3840 7323 7275 9436 8330
9 6884 5382 9785 9442 8496 8663 8424 5973 5035
5 7117 6338 9135 7949 9824
12 7224 9949 9639 9103 9183 8438 8315 8205 7530 7214 6444 5232
12 6849 3605 7922 8737 8691 8475 8971 9339 7720 7437 6616 2671
13 6831 5324 4687 4153 8747 7221 8961 8863 8936 8231 8877 8710 5010
13 6822 5769 5743 4207 8118 8220 8413 8199 8632 9746 8372 6766 4691
11 6815 6199 5369 8915 9537 7697 8212 9372 9642 8154 60
11 6807 5727 3910 9731 8807 8165 8757 7970 8216 7356 5842
10 6794 3629 3594 9912 8624 9686 9308 7859 9117 868
12 6783 5970 5112 4848 9512 7816 8664 8903 8570 9585 8350 3884
12 6724 4586 3693 9972 8075 8148 9554 8889 9414 7881 6022 452
13 6780 5049 9926 9064 9742 9724 9658 9088 8508 7123 6330 5745 3087
7 6767 4352 9961 9197 7831 6993 5127
8 6745 9968 9886 8515 7721 9589 6595 4725
4 6735 9954 9840 6518
10 6740 9962 8746 9456 9099 8910 7427 7039 6465 5224
8 6741 9657 7941 8692 9489 9749 7115 4186
11 6747 5295 8128 9570 8645 7939 8305 8002 9013 7623 8700
8 6752 4011 9887 9215 6890 6323 4732 790
12 6756 4629 9844 9774 8286 8684 7672 7481 7184 6153 4803 797
8 6786 6575 7145 8362 9578 7904 8120 5461
11 6804 7236 9546 8263 8103 8360 8497 7853 7767 8740 3035
8 7314 9165 8296 8649 9261 8999 8606 5707
12 6706 5299 5060 4782 7777 8638 8833 8887 8561 8319 4795 3698
7 6695 5868 4495 3708 9956 7577 8850
6 6689 6403 9999 9638 4383 391
11 6694 4071 6206 4764 8500 9023 9518 8880 7784 6978 4392
4 6670 5649 9997 7223
13 6663 6115 5615 3459 4938 7174 8533 8741 9718 8679 9717 6613 4473
12 6662 4482 7558 8547 8601 8567 9535 7897 8371 7241 6246 5536
12 6656 4200 5686 7732 8266 8646 9327 8771 8949 9635 6060 2650
14 6654 3655 3875 9158 9882 8958 8417 7973 8384 7304 6968 6448 5916 4695
12 6649 5890 7557 7663 8667 8764 9629 8985 9309 7649 6650 5390
11 6633 5746 5699 8876 8694 8446 8357 8267 8078 6439 4338
10 6658 6296 4867 9769 8546 9924 9493 7391 6665 1293
8 6607 3779 9497 7122 9781 7261 6545 5244
12 6558 6450 9819 8761 9810 9748 8418 7752 9120 7161 4778 3000
11 6951 6182 8560 8945 9508 7976 8117 8223 7719 6644 1972
11 6669 9524 7276 7829 8268 9547 8409 7943 6227 4378 980
10 6711 9134 9106 9150 9416 9791 7905 7469 7302 7058
11 6765 9071 9900 8928 8361 9618 7981 8879 7133 5659 3618
7 6836 9450 7246 7453 9808 8163 5549
3 6879 9916 3097
10 7248 9177 9264 9421 9653 8723 9669 6919 5149 4540
12 7249 8219 7710 7595 9592 9853 8712 7850 7673 6992 6302 5190
5 7255 8554 7315 8760 9868
11 7372 9620 7513 9843 8844 9126 8858 7300 6723 6294 4315
14 7373 7686 9516 8918 8628 8852 8013 8142 7571 7402 7136 5873 3984 1662
4 7379 9955 8920 8730
10 7430 9617 8033 9534 9688 9760 7806 7718 7527 5370
9 7446 8188 7503 8031 8473 8634 7977 9281 4683
9 7465 9297 8194 8072 9235 8052 7947 8527 5159
11 7574 8937 7576 8159 9043 9522 8797 7426 7008 5884 4538
7 7666 8996 9902 8439 8389 8453 5414
11 8338 8521 9156 8307 9683 8084 7963 7820 8925 8147 1120
6 8410 8088 9818 6087 4203 20
10 8448 8412 9720 9333 9293 9332 7866 8001 5697 4501
7 8588 8504 7075 9797 7281 7069 4922
13 9045 9345 8617 8502 9816 8986 9098 8943 7409 6990 6492 5666 4047
6 9144 9483 9861 7489 7182 2770
5 9286 8955 9019 9834 5599
11 9830 8989 7226 7984 8926 9506 8215 8866 8396 6390 5825
3 9927 9796 2253
11 6541 6004 3615 7171 9881 9022 9697 9076 9280 8535 4243
13 6466 6277 5343 3976 6069 8597 8062 8407 8141 8853 9010 7641 5037
12 6485 3817 3555 3477 8827 7924 9716 8576 8930 8398 7714 5653
12 6529 3667 3554 7808 9694 8076 8514 7819 8232 7095 6350 2764
15 6502 3826 3461 5351 7232 9858 9167 8753 8685 7696 7559 7368 6045 5543 2322
7 6457 5214 4409 9418 9764 5485 3107
11 6493 3403 9613 9433 8621 8583 9404 8488 7343 6768 5456
7 6456 5393 5562 9936 7100 5633 3631
11 6424 4665 4749 8257 7935 9435 8393 8580 7032 6074 3886
11 6418 4255 9037 7770 8775 9665 9443 7826 7670 7601 3153
14 6412 5358 3544 8671 8542 8598 9185 8513 9108 7992 7968 6632 5896 3402
10 6404 3989 6076 9919 9047 9747 7163 6500 5848 3727
