48 3060 2150 3636 4974 1577 7566 2297 2335 3534 5965 4067 8624 9397 1178 3122 81 2375 7598 2331 6436 266 5100 3545 2373 4293 8189 8691 954 1352 6757 844 9877 1598 2216 5205 2702 8113 347 7444 1153 6465 4319 7520 3842 8110 7478 491 578
51 493 3190 3183 3491 8424 2265 7662 2766 7487 8543 416 7120 6864 2755 5171 5244 791 8381 1344 7393 5911 9231 3989 5578 1402 2780 5689 4215 9389 7702 2869 1416 407 2290 5825 2488 759 1084 1180 5494 9840 3070 9374 9950 7618 3045 181 5527 5633 2716 6755
46 5634 3448 5254 7674 2711 3210 1691 3575 8586 8464 8234 9974 7621 9329 466 3647 9267 5568 5297 1166 4882 6145 5332 9311 7623 5027 9299 8578 8295 8276 8028 1654 1645 4305 483 4269 5625 8030 160 9205 8393 6293 4222 7521 6159 5280
46 3117 2139 701 7937 1595 8339 6245 928 8778 2195 9454 1562 8526 1009 883 888 689 8728 3835 7950 4032 1460 1698 9250 5808 5820 3461 1517 9595 1456 1376 5399 4860 9597 9009 2871 8735 1475 7600 8763 2778 3800 7094 2523 2907 6271
47 6261 3516 8044 2182 1764 2351 8432 4757 7752 3746 9416 7790 5610 7691 7800 8264 793 8262 4785 9919 8859 7554 5259 5817 2645 8329 4669 733 8982 9471 3790 8626 8054 8703 3097 1357 7659 9101 7490 6499 6076 3687 9900 638 3057 1071 6371
49 2922 2635 4115 2586 6669 5262 2847 7397 3051 6623 6493 8890 3410 7116 5860 5058 6727 5637 8577 901 7869 6872 2891 8284 2370 6213 7682 5720 1063 2837 2006 9823 381 2047 5554 2700 608 148 9026 469 9399 1628 1811 818 4407 7705 5398 8682 2895
48 7245 7080 6570 7324 750 1359 1734 281 9304 5116 2135 979 2394 3667 1203 8679 1302 6615 7046 4306 6697 7336 8296 5998 1742 7007 428 568 1530 1706 8908 5827 1613 7999 8321 1910 2726 8312 3768 2486 1129 2784 1874 8555 8810 730 1428 4998
46 2822 6613 7320 8786 1813 6197 5233 6152 3681 9251 7060 1756 7151 7769 5360 4221 3300 1194 5862 1326 7651 3794 8089 4383 76 2080 3926 2576 4226 4776 8095 8288 8720 1216 6964 3089 3397 6662 8014 3712 6751 1454 5386 6012 9423 4793
44 6933 6198 3592 4071 4753 3198 862 9589 8166 6754 7894 1250 9790 9708 8798 7526 0 2289 8458 9178 1680 8573 2656 3721 115 4546 9455 9996 604 3400 3740 9981 4261 9530 6691 1510 8809 5221 661 1714 4746 5795 4412 9748
46 6812 2368 5482 1574 207 8404 1415 9366 736 1772 5696 653 397 1639 7513 1433 1032 1020 3637 5592 8008 8191 2382 3368 6182 2551 7692 3747 1413 4819 6106 4482 4541 4572 1006 5676 8275 29 8202 5184 9661 9953 5582 7923 6447 624
49 6428 8103 2440 3425 78 5057 6603 3860 9850 9635 2916 5516 7650 8204 2873 473 1689 1898 5053 4079 594 7257 7032 6460 1585 7056 7001 947 1392 9355 7779 5627 9295 1578 3378 4133 1850 9125 9656 6825 3572 8965 8084 5660 7517 8782 4437 8225 5928
48 7136 7643 4467 3216 1826 5354 8267 2198 3701 2524 3560 1560 2212 8418 1996 8791 174 943 3234 2802 1749 4019 6552 1919 6719 1701 9448 4862 8901 6968 4814 8996 650 7563 1624 7963 4663 6070 4075 3154 5575 714 5294 4337 4682 3906 9438 6496
46 1134 4904 3353 4764 395 6488 2583 9568 8143 8120 7976 6815 4393 4858 184 4566 3427 1121 2947 7816 3507 2502 8591 7701 9411 1135 4312 7069 8529 5487 5573 7570 7064 7041 3600 9142 6880 5452 6316 8302 2953 6011 5275 2942 2067 4058
52 9475 2603 1959 2717 9581 7883 1753 3782 3503 8026 6046 8906 434 2352 8910 9302 6221 7777 9762 200 5425 6800 3228 1589 4914 2842 8752 680 7290 6006 153 4365 361 5594 2407 8900 4056 9085 2362 5099 6913 8136 9176 9193 9620 7717 8955 9353 2498 8068 5054 9358
50 3042 4114 3873 3766 138 1377 3482 330 3899 6699 3278 3259 3164 3275 3318 4703 4137 5390 9808 6515 4520 4833 8878 1023 9072 7237 6471 3034 8148 6365 9570 388 1977 4780 1625 4439 3788 748 4253 6196 5715 6909 2796 889 4297 2170 8061 3668 5698 5410
48 2098 2734 2758 4466 6392 5798 1130 5241 457 7042 2384 1442 6516 684 8991 7061 4828 6409 9660 4577 5603 2260 4591 6238 8035 2019 198 2882 700 6438 8087 3869 2492 1702 3569 7582 2449 6131 7669 5995 6636 9905 2751 1237 3157 641 6673 8037
48 2772 691 4967 9601 9988 3968 7794 5467 1247 498 854 8052 5298 4126 6280 6267 5010 3430 2846 7374 1290 3146 2184 1034 4992 9081 4090 2632 512 2508 7200 2292 3253 3276 3433 5468 9269 104 9578 1859 3655 4155 1930 1786 8522 8409 3663 5618
47 9861 8172 7849 5777 7148 8579 90 766 2000 6168 3373 8273 2747 8462 7870 91 9939 1525 219 7330 4684 6893 9664 310 6510 1261 3568 4448 9935 7271 9214 9551 7425 7314 8973 9521 8825 8729 6080 3578 732 6141 1209 7970 5950 8596 7997
50 4172 3039 5266 5588 4119 2417 4398 4662 3181 6578 8073 6402 7253 5461 9899 8471 4628 7607 8933 5506 8463 739 2207 135 3078 715 9704 8755 3416 7620 673 4288 9796 66 1488 3535 1156 5651 3539 9195 9226 2366 9715 8772 9637 8542 1181 6490 6573 8959
45 1785 1711 9053 8995 2563 4581 5613 9200 9940 3919 3417 3610 3242 3205 8532 3882 9327 8206 4822 9035 7267 1292 9222 8426 3377 8135 9421 958 4656 8707 595 1955 5572 1729 3140 315 6290 7687 2883 8770 5402 6784 9579 4762 953
47 8450 5959 1566 3709 9440 4980 5557 6687 4507 6231 598 3907 879 2801 4694 7891 9078 1802 8476 4334 2068 9983 4515 8558 8722 9736 5072 3723 5775 4815 618 7129 6443 8444 9875 7956 3597 9638 1529 942 5728 6431 4287 7542 439 3120 2291
47 45 1666 9151 1408 5832 9435 7613 4474 5846 6765 288 9286 2323 1515 9489 8178 7117 74 7680 2183 6989 5533 6954 5497 2033 6701 1046 5426 6904 5565 2466 6768 2174 1366 9749 4016 9028 7303 9610 3002 4270 9342 6022 4961 616 6932 852
45 8980 5876 4611 5014 1109 9561 6770 5583 8565 2599 1822 7279 1390 8937 9467 7605 2021 1797 7097 3508 1215 6378 92 6721 58 7310 6611 4027 3928 7143 7023 6853 8868 5920 3900 8664 6108 8075 5225 9572 8174 121 5231 796 7319
48 835 7833 9141 389 7782 1938 2648 811 6600 8027 8833 780 6912 610 1243 3090 2337 8840 974 4579 2590 9862 9964 9466 7072 4074 8140 3853 1606 2312 226 5640 4143 7168 1591 9171 4208 9265 8738 8408 5649 5380 1718 3946 7788 5559 9452 4962
46 5260 5604 3187 8078 4616 5370 4574 9791 7011 7581 9811 422 6000 7980 2106 8569 4550 743 4444 7105 8877 5964 123 683 1661 1453 3525 1736 6146 3231 8684 6526 6734 6957 3029 1478 4029 9331 8485 7048 4490 6833 7050 5285 5970 4502
43 8854 2921 2234 4182 8346 405 5245 6819 7191 9669 2239 5896 6027 8834 6522 6215 465 1074 7328 9545 2153 4410 3464 9 7146 7656 4902 2484 5631 5816 8643 6589 9965 6019 2210 7895 5305 8363 1470 6325 547 6074 3024
0
0
0
0
0
0
0
0
0
0
0
0
0
0
0
0
0
0
0
0
0
0
0
0
0
0
0
0
0
0
0
0
0
0
0
0
0
0
0
0
0
0
0
0
0
0
0
0
0
0
0
0
0
0
0
0
0
0
0
0
0
0
0
0
0
0
0
0
0
0
0
0
0
0
0
0
0
0
0
0
0
0
0
0
0
0
0
0
0
0
0
0
0
0
0
0
0
0
0
0
0
0
0
0
0
0
0
0
0
0
0
0
0
0
0
0
0
0
0
0
0
0
0
0
0
0
0
0
0
0
0
0
0
0
0
0
0
0
0
0
0
0
0
0
0
0
0
0
0
0
0
0
0
0
0
0
0
0
0
0
0
0
0
0
0
0
0
0
0
0
0
0
0
0
0
0
0
0
0
0
0
0
0
0
0
0
0
0
0
0
0
0
0
0
0
0
0
0
0
0
0
0
0
0
0
0
0
0
0
0
0
0
0
0
0
0
0
0
0
0
0
0
0
0
0
0
0
0
0
0
0
0
0
0
0
0
0
0
0
0
0
0
0
0
0
0
0
0
0
0
0
0
0
0
0
0
0
0
0
0
0
0
0
0
0
0
0
0
0
0
0
0
0
0
0
0
0
0
0
0
0
0
0
0
0
0
0
0
0
0
0
0
0
0
0
0
0
0
0
0
0
0
0
0
0
0
0
0
0
0
0
0
0
0
0
0
0
0
0
0
0
0
0
0
