48 8671 8925 9636 7100 9420 8477 246 8205 9845 458 436 3073 4041 9618 3453 2008 1600 336 4937 8753 2392 4869 6235 4664 4873 6895 3567 162 1470 8316 9982 1194 9310 9499 5427 4662 5677 4857 1918 4147 2661 871 543 9196 7838 7640 9701 464
49 3729 5300 1887 8536 1620 4181 6058 9803 504 6012 9452 5630 936 5330 2749 552 7716 4694 8728 9557 8668 1445 9441 7583 4540 8081 1700 3869 1132 7610 4604 5105 7674 6382 9710 1602 8504 9675 4177 6906 2936 9556 566 6808 7837 7544 6698 9901 7740
50 6755 1435 78 6577 6064 2111 9869 8911 1279 2000 2970 7395 4216 8429 4516 5194 2372 6373 371 4574 8592 1819 5802 3543 1366 7021 3766 5511 303 1209 395 2073 3251 681 6229 9112 6424 924 8557 4506 4137 3977 8748 379 9562 6391 3607 508 9911 823
48 5186 5598 996 3346 6294 8803 4045 2058 6210 2206 6337 5617 7110 7817 3069 213 736 9342 2568 2541 5370 3242 2838 5462 9745 8061 2610 7451 7128 1785 4201 4474 756 4382 5314 9323 1695 5813 5948 6453 193 5833 7192 8374 5755 1908 6965 289
50 6119 790 5799 3562 3546 4880 419 1434 1568 5153 1017 9770 5496 9300 1831 3669 2285 6199 7356 791 133 180 3907 617 5682 3927 4766 8689 927 7759 1969 3901 3105 3086 6917 7311 3668 541 7854 4416 6706 1431 200 7639 1295 6991 5062 1289 1232 77
49 5961 7409 2359 376 731 5157 5643 2556 6742 9716 2077 2127 505 7604 2454 3855 9870 5902 8269 8780 4116 516 7059 229 9508 1426 744 2307 9953 2742 5607 1013 5476 2420 9057 6308 4617 4732 3066 3820 2086 1751 4189 6659 5481 9686 2973 5405 8509
50 5071 3681 7675 5609 2576 7778 1396 5749 3415 1632 6667 3132 3307 6051 8792 5919 7770 7331 4398 8954 9682 4865 7157 3499 9030 6411 5077 6910 9859 2151 6265 1355 3868 6448 5862 8800 9221 9012 9533 4767 5553 7857 8889 3337 5978 6932 8113 6396 658 2122
47 9099 2128 2478 3821 6117 7083 4220 7129 6234 8993 3111 5585 8733 7687 2468 1290 4758 5667 3309 7039 8405 9526 7994 9470 1623 397 8437 2179 2931 8729 9059 8326 2365 3934 9404 469 1011 231 3952 5854 7329 610 6437 2061 9988 8136 1607
48 6074 8900 787 8009 2443 2987 8605 891 2688 1081 1418 593 2310 8487 2458 4079 544 4577 3417 5614 2526 2581 2196 3497 4334 7321 415 5863 3317 7586 6273 4152 7956 636 694 6680 8317 1506 5100 9605 1685 2020 1545 4821 7766 4754 9684 9368
50 4372 7066 5189 5353 9548 743 6861 1139 5826 5407 5233 4858 2343 3201 6610 888 5648 5066 9216 7096 3653 4836 1122 5912 3083 7826 5114 4020 4809 4624 8564 4067 5774 8524 3919 9077 6773 5156 58 5674 8912 5417 4110 8680 4748 4441 7115 4618 9904 3637
49 852 5947 6931 1073 248 6277 1934 3581 9204 2242 8724 3632 7947 2594 8250 4590 2705 3134 1546 7776 1270 2080 6410 9476 9912 7657 3974 2184 1867 8594 1643 6463 312 8971 9763 8634 4102 50 7665 6691 6623 9760 5160 5196 9563 9545 8620 6558 2537
47 1248 4299 8287 8126 8988 1905 3082 2544 7713 7108 5970 6013 4700 8829 1487 244 3684 6164 266 7420 6621 682 5515 2326 5930 8143 5880 6599 7087 5395 537 2497 1504 187 9045 3976 5501 6568 6387 9025 4298 9933 1020 6262 8633 6969 3394
48 4622 1694 437 1342 3041 9461 6582 2345 6240 7141 3985 7185 4009 2164 5629 1589 5946 6590 2613 6096 5128 1059 9160 64 1244 1670 6714 8846 2233 2545 4588 8083 8878 2703 3133 1808 5505 8938 7627 4302 7274 5265 1153 8058 211 8422 4200 7377
48 8552 6485 2717 4274 5025 6519 7186 2841 5078 2861 9585 1112 7879 5184 7542 8579 1023 6065 1789 7922 7102 8145 1794 3206 8762 6502 4263 2442 1645 6399 5430 6859 798 7548 523 1031 884 5 5436 4886 8248 9688 6079 7887 2606 3428 3932 8233
49 5986 8288 7844 1372 6830 6727 8983 6494 6454 962 2885 6462 8805 654 7249 9669 4752 431 3850 5543 5588 6461 4178 7733 1287 1316 2840 5777 2591 2900 7076 841 4250 6911 7154 5398 9831 7874 3712 8851 7344 8987 4090 9723 14 9964 305 2351 8247
51 6470 2980 9072 2333 8224 1291 4781 6144 982 2132 7374 5463 3377 3385 9777 7199 8639 7053 2303 3618 8008 4032 5522 3421 7121 1897 9139 420 1682 3655 1941 8393 9747 749 5253 7597 347 3365 5894 37 1185 7902 9840 3810 8354 2618 2247 7411 2776 496 5192
50 2650 9547 3533 5470 1601 4851 1482 7710 1757 6841 1609 8162 9393 1347 7509 5227 2029 1166 9183 4068 5360 4476 9424 2466 6807 6302 3628 3848 7933 7472 8202 6643 3354 9668 9185 660 3670 4538 6815 7470 5565 1547 4425 2139 3593 6491 2143 1307 5449 7673
49 9855 7148 2750 1422 1148 1054 737 5715 1377 189 6081 4905 4931 8002 6208 2028 3262 6194 5999 1759 3657 1784 4391 4266 9306 4197 2886 9027 6921 1294 9273 3900 3106 9918 5746 1844 6287 5786 4246 9188 5732 898 4142 3619 6608 9137 6617 7513 8826
51 9128 6883 4075 5346 2416 7360 1028 980 6321 2225 2784 4521 4387 2096 8240 9248 4512 4126 6392 6134 6611 132 2879 1549 3548 3774 9757 3216 2977 3249 8868 2263 7685 8344 4782 9978 2913 5021 7885 2814 5578 1955 9746 2926 7168 5922 126 7832 4978 3650 1671
49 6071 4326 2760 7954 8575 2586 1140 8452 4568 247 8914 581 6113 9997 6968 2822 5198 2441 5064 7632 1006 545 1538 9942 1801 4101 265 4530 1352 9148 2395 2888 6021 7720 5704 281 6269 8945 3981 5374 8909 18 6505 7555 9740 7412 4814 6854 6874
49 5429 2088 1318 2974 6982 9200 2244 6656 2314 5945 8669 6296 4235 3253 7651 9941 493 4825 1811 3225 7609 7466 8494 9109 535 6920 3087 1524 9256 860 167 9119 655 993 933 9005 403 349 2629 7350 9253 1383 4804 2334 2094 7207 6557 4982 961
49 4130 9269 2919 6697 8196 5499 3464 358 5079 424 7239 8488 5741 6806 6285 3436 1463 1225 9541 2067 5392 9330 9794 6416 7181 7215 7512 9349 5627 895 909 1136 9640 6734 2741 7415 1697 6770 8645 1131 5315 1728 3970 3837 3372 6535 7062 3926 9436
47 6492 421 1399 8626 9674 9788 1165 1944 3221 8719 8544 959 1019 1141 5046 2715 99 9123 1164 686 2488 5311 2498 1195 7823 2483 2515 8371 8746 6645 7863 8621 9908 308 8411 5870 4738 9800 3399 6325 108 3646 5725 5520 9088 1709 4696
47 3050 5426 2070 1495 6897 2277 4992 2412 7352 2906 1027 6891 3760 4620 7116 2712 6827 8937 2557 8688 7427 3093 5255 514 4361 5942 9795 8159 588 3014 6510 5949 2201 595 6246 9114 7603 5789 482 1464 4546 1395 208 5703 7755 2332 6820
48 4495 6233 9106 3435 3296 2923 1555 199 7323 5321 4698 9400 3702 9083 7225 5310 6845 5388 276 5595 9812 5475 6001 6867 5275 6291 3541 4747 256 6823 5763 5924 2656 5328 1325 6578 301 1488 8902 4934 6289 7971 7454 4746 820 4196 2590 7602
47 8107 6402 1125 6994 6767 8731 9186 4339 2007 1526 3210 8828 8342 2419 8967 9890 7195 2484 7109 8158 7828 6540 203 3486 6761 7314 8647 8265 8098 5161 9919 5635 8065 3550 495 9810 7753 5529 1708 4977 4408 9934 6217 5130 7543 2384 1206
49 4162 2434 2456 7779 7200 2241 210 5474 7338 7937 5973 8273 7419 4237 2632 1707 6055 1603 8811 6293 4768 8806 5601 8969 831 1989 8235 5356 573 7803 769 7781 3600 7973 98 3770 9069 6589 8750 7894 9280 3010 7118 5492 7299 6425 4545 2153 9361
51 5798 1823 8687 8075 9391 136 2985 9096 4986 2083 8097 489 6073 4773 2798 3715 8862 5473 9182 5793 9337 7465 5997 4802 6837 6664 3287 1523 8601 7304 836 2223 2004 4776 5669 6523 1564 3536 3229 955 2315 1046 7918 3257 3092 8315 4902 3219 4891 8328 3905
51 7725 4502 8830 4276 3585 4489 3522 5261 816 1222 7396 5136 5839 8360 7840 7164 1203 1508 1449 8847 6959 3504 2510 4541 1723 9925 1527 7938 7575 1806 5857 8503 1748 8432 6226 3259 5536 4608 6831 8480 9065 1494 1001 6686 9565 4450 530 8597 8637 7384 2579
49 7135 6985 3019 7210 3129 443 1199 3578 3320 4460 4900 4170 1608 5335 9370 3719 1624 6352 215 3836 9685 4357 7743 6482 5523 7706 2528 322 522 9739 8918 948 9572 9700 1845 2011 8033 4332 7595 728 9930 4733 9939 7749 74 1855 4448 4756 5404
47 9004 9663 3276 1635 2979 3065 5344 7539 8949 5736 5640 1511 1063 4342 3023 4381 2670 1473 6168 4218 2948 4155 3975 179 9624 1050 759 4572 9898 9818 3211 2595 5633 6514 8659 4528 8962 5017 4010 8641 5001 9603 7934 9909 3079 4511 691
48 9189 2925 4307 9968 1404 4972 1606 824 9614 6297 2491 7212 6045 8742 3395 6187 9043 8127 401 6900 8071 515 8676 900 559 6393 3049 6353 5324 5712 2118 4722 8129 4989 19 2267 6728 2560 168 2112 5589 7825 1963 512 3277 9478 7850 3026
46 4818 4198 1 1393 575 8798 1515 2089 4713 5847 1676 3103 4514 4186 3058 8882 8644 525 678 3494 5422 9647 1123 7171 4597 4963 3224 7091 7375 600 8046 5561 8012 6249 8861 3545 1552 2507 722 4599 2370 2322 1962 3649 7493 6418
46 534 8767 8106 9208 6731 335 1816 5681 3882 5644 1368 2530 8220 4855 6070 7738 3828 3589 9251 7924 7371 8284 321 4400 1848 671 4998 2890 8495 2062 2068 8254 5396 7263 3235 7900 3215 8831 4072 3222 6812 8197 7944 6651 928 987
49 1461 6398 7534 7000 2280 7055 9494 1211 8460 9631 3153 9111 4913 3842 4859 1993 643 7670 6657 2018 8426 647 2258 5868 4435 4350 2135 4690 3661 5547 8774 710 5740 6309 3858 6095 6890 9347 9484 776 4260 6431 9728 5673 7063 2821 8910 819 1571
48 9155 89 8423 4212 2417 9268 4076 5104 4179 8958 8955 6200 5326 6324 201 1425 1171 154 2850 3993 5718 6559 4498 794 5735 9986 2363 1792 8979 5825 7960 7002 2995 1849 625 3450 4626 7280 8043 2428 8646 7320 2967 7709 2339 4578 5262 9616
49 4194 8697 6035 4714 5737 2794 5696 9184 6357 2165 7105 2709 8084 2030 5414 6860 4286 6152 6726 6138 5934 6346 2052 7893 2327 3318 6474 684 1045 1978 6804 4320 6180 6361 4434 4600 1275 3819 4035 3016 4882 1917 8973 1029 4914 7621 9571 4462 9415
49 8234 4060 5132 945 7600 1219 3722 2788 3677 2231 6641 7529 2963 9914 1101 8297 6278 7277 9117 6033 3924 6458 9626 6274 6025 3207 7988 4832 5992 9101 5006 3969 1179 8019 6937 5655 9103 8683 5739 9602 5472 6941 554 6733 6602 7017 5271 1094 8704
49 2386 3366 467 7827 447 3573 4175 8721 8500 1022 5632 3426 1483 3710 879 8551 821 590 8259 9922 8280 6817 592 1256 9825 4388 1535 8756 8823 9815 9734 1299 1401 6875 2330 9426 4231 664 7497 926 8090 2234 9197 1646 3432 6370 2605 396 4280
49 423 3451 6212 3880 7355 3119 7078 7862 9448 1042 4906 2777 4704 567 5626 3688 9973 9321 6525 3196 3500 5433 5421 5859 9414 9430 934 1477 4164 4850 3411 2826 8040 4920 4519 7475 4921 7593 6317 5972 6130 1005 4927 2093 589 3704 3279 3824 5331
48 1610 4424 4087 3025 2880 3002 7158 3275 3547 521 6375 6639 8512 1612 6286 4473 1026 1639 6385 2228 3506 587 8990 1736 5237 7735 3267 7387 3476 7775 9848 3028 734 6369 6679 2410 3806 8194 8618 8657 7012 5890 7348 6493 994 4642 6551 4725
46 1413 280 1775 3917 2003 2253 4351 2849 5920 6675 9577 8570 6595 1615 1967 2957 7634 1975 6394 9780 7418 8663 5028 9594 6739 7570 5532 8338 4092 9959 967 2266 7909 8119 7033 8712 870 1229 1915 5059 1992 3549 8730 7206 5684 5238
52 2499 7270 4007 8232 6263 4785 7138 4899 4059 9667 5538 8957 9363 9805 3898 5215 6566 3602 1943 6098 568 5883 5009 9246 2360 7018 1965 1528 3335 3344 9402 4623 1007 3930 3310 5929 9375 1560 8525 9266 9887 6451 6253 6887 4064 5420 1382 4926 1282 8884 4156 8996
47 3164 6143 243 5968 3491 1907 4182 9374 7020 2916 330 873 3382 640 2863 8283 9983 9752 3332 3583 238 9463 152 6736 8690 7123 7364 9352 2489 7946 411 5517 2785 5274 9118 1058 9202 9442 9998 2685 7560 161 7541 6320 6344 7500 3414
48 5502 165 2664 4637 9121 2554 12 7732 4668 9600 2084 3161 5082 9599 2306 9 6620 31 7244 6977 7530 360 1040 3807 656 5706 7339 5399 6624 5412 1387 3484 6270 714 7945 2768 4304 361 4557 137 7246 73 2475 134 5827 631 8963 9445
50 4017 67 1455 732 8274 8802 9670 4716 5231 8130 1972 3822 9589 8473 3963 7751 8214 65 3631 9467 5155 5318 2540 2121 7047 455 7382 946 1363 7965 8152 6041 7343 6158 943 3962 9394 8155 8694 2978 7322 1159 1502 2168 9783 3266 9899 6193 4908 2376
50 539 6438 1583 8584 8874 8773 7963 44 7498 7220 1745 4610 3384 8226 7752 15 9717 6186 2367 6354 7082 4279 6934 5477 5158 5901 715 5023 9056 3944 7208 1987 1722 7923 118 9903 5118 1667 2177 8022 5556 6729 7757 4778 4183 1353 6268 2104 3799 700
48 8375 2431 2947 5256 2649 8394 338 3475 4154 7368 4964 5918 3873 466 7522 8161 8952 2532 9357 3454 3091 7456 5151 4140 5533 2328 7401 8142 5362 1954 5512 3827 5542 6415 2381 5838 2945 9946 7736 3986 5557 2869 8915 3459 3984 1772 2729 9995
47 6719 8174 2006 2969 3214 8331 550 1668 5814 5296 4253 9278 2982 7796 4210 7977 4909 881 2260 6759 3480 3027 5048 5756 7834 2042 9938 991 2158 2369 380 5334 8378 4114 4024 9896 674 2614 7935 1704 7309 8037 1497 6699 7669 5951 1774
49 2405 7431 4258 747 2773 2625 4531 755 9094 476 6092 3956 8498 2691 2240 8146 6465 3213 9289 5174 488 8666 7372 1525 9115 2527 6028 282 6395 3860 7499 9744 4771 6327 2805 8610 5172 1948 3387 3938 9024 638 8272 8941 9328 1175 3378 8050 1873
47 5650 6695 2449 2198 6655 9291 4742 7477 1553 8094 8541 1828 6102 1711 9808 6571 9813 3155 9576 1790 7303 4808 2192 9804 6955 8038 9590 553 4273 7467 5148 8216 1951 8322 5497 8638 8313 3322 8455 4933 9131 8105 2407 2687 9312 6298 1647
45 6751 1227 3884 6401 702 1953 9771 7979 7469 670 4564 2071 185 9725 915 2394 970 6009 313 1262 7266 6692 6169 30 7929 3579 8469 6376 5034 9774 3648 2496 1735 3438 3176 7180 8108 949 1158 7183 3624 3812 2646 9385 9042
49 5941 4442 9969 4026 9203 422 8408 1284 1231 4051 6141 7388 6974 4640 7801 9507 8211 3612 7921 8222 5824 8403 9428 2404 5509 5359 3667 3817 9775 2558 239 4211 5341 2856 2680 6936 556 76 497 4630 4699 5953 9659 8787 119 5416 4952 4069 707
49 1105 101 1392 2811 4871 7660 5837 4687 7708 2955 1834 758 7649 8896 8940 209 5447 4861 6378 5097 7478 7324 6343 7446 3980 2203 4327 8125 3998 9427 6428 9787 4976 3059 1301 8537 813 5905 5165 5458 5007 9392 6345 498 9979 1899 7525 6522 5036
48 6530 9366 9218 2290 8029 299 1304 4248 6251 7970 393 1478 5491 8479 4282 6281 6916 1830 7340 9518 3261 4261 6783 5377 7006 8906 5956 5713 2286 4751 8023 4344 9661 5817 5485 8005 3330 7645 800 3767 5672 3094 8672 8929 3923 8804 899 6006
48 8079 1312 3830 8383 7197 5620 6787 2561 6214 4987 2453 4995 8565 503 9002 6355 8438 8261 2896 9465 5205 892 2291 2099 8187 8134 7873 9892 9102 5072 4464 6412 6948 3413 5290 62 7009 1533 649 7098 5257 4925 5320 8078 2487 5343 5869 7835
48 7756 7727 6473 4969 6151 9719 2024 4539 1681 107 997 3720 4828 3429 905 2730 3006 9538 4406 1090 2265 6444 5240 1297 1912 9239 4236 2173 4169 7104 5600 4004 1691 3125 8189 5932 2704 7150 9263 4601 2966 2236 8358 5195 2257 4677 1259 9584
48 2175 6121 9322 4661 7896 468 999 3887 6567 5933 937 4227 7784 9532 4611 4347 8335 3128 5818 5092 7040 9425 196 61 7378 1920 7025 680 4365 8935 887 9063 6753 7117 7428 6908 8568 4025 8832 6634 4430 9847 1369 7872 3853 8766 9055 8353
50 3183 3727 7051 6142 4360 6003 1371 4094 6123 6858 585 8569 3336 6114 7742 6311 4915 9606 47 5101 4433 3467 2535 6749 5493 4256 8115 7599 2230 3156 4897 8578 2559 1469 1537 5952 4942 8064 7920 157 2585 6824 2270 3011 696 3676 8417 6958 6786 4837
51 7068 6390 7283 1521 8271 3173 359 5123 6597 8253 1228 9403 7931 6846 9066 4014 8163 775 481 2222 7088 2390 1846 3559 3055 3326 3582 3754 1277 5651 4257 1221 7011 8523 3233 1343 3885 1077 9356 6925 7103 7336 6737 9449 8562 8585 6038 6341 7447 3697 7482
48 1091 9288 9460 9011 570 6409 5247 4469 4883 9923 4862 9170 6245 5728 1654 5293 1653 8450 8249 7966 117 9628 8221 5307 1701 651 5026 6889 5775 4816 2866 2101 4268 4328 8474 7464 5144 6023 8738 5061 2299 1749 1909 7989 3489 9727 8073 6348
50 5246 1541 4831 7130 4799 4951 6230 8529 6046 2766 6457 3488 4966 3163 8850 2308 4795 6254 4289 4456 3703 2155 6349 8144 9581 2130 4028 6716 8604 5219 7883 7481 144 1923 2329 3748 4712 3692 4911 9353 9265 7942 8361 9816 2746 1799 2962 9020 609 8502
49 2013 1183 3012 8293 339 2940 9706 7972 8726 4948 3311 4033 2984 8054 6586 6188 2249 3959 7070 5162 5403 3997 9718 5049 2167 7741 8815 6057 8385 6276 3520 3544 753 1332 5043 7353 1966 3193 171 766 8238 8682 4061 1853 4071 969 1138 9615 2565
53 1381 3226 2324 916 3064 9582 2647 2272 5357 8294 9511 4692 979 9703 1198 7793 8747 1894 812 542 9345 7013 3100 7506 9935 7133 4380 2739 6562 6290 2666 159 6062 4878 4049 3972 6604 5914 807 2125 2991 3659 2294 3241 6802 4847 939 7700 7151 2251 1939 4669 4763
47 4370 5467 8934 4375 5223 4705 1729 2790 9201 6811 8201 9454 9792 55 2297 1043 2809 8991 6184 2546 1474 4645 3691 601 683 4533 190 9138 3437 7253 2878 9029 7833 7968 2587 4739 8478 2711 8318 110 5555 8528 9371 3062 5700 6671 1911
48 2213 3726 5333 4919 6899 394 4402 8133 5418 6016 8499 4479 7298 4853 9646 7782 2621 8794 1661 1357 7139 6877 7444 7294 9641 5558 6242 3736 5896 8135 5358 8207 7495 1086 2289 8185 5881 1544 7914 2031 8055 3291 4898 2564 4849 9085 903 3460
47 9175 3556 8814 9381 4505 8257 4679 4761 8489 2542 8329 4689 6228 9237 3333 1065 778 5142 6869 4945 2887 8323 4428 7928 250 387 6129 6156 8350 8545 2523 5057 7488 5590 9154 9062 23 1118 4864 9833 7514 7684 6257 3834 7689 6350 2728
49 3838 96 1441 5983 4078 7967 2774 8812 5621 6090 63 6814 6776 91 6646 6076 6909 7547 4352 3940 7915 128 6432 5631 8781 6922 861 3199 3908 3627 2051 8295 5340 5884 1446 4221 6984 6740 6573 2002 5302 2860 1903 8629 1106 1388 7566 724 8743
48 1982 6365 3797 7067 9798 7014 6244 921 6720 6022 2643 2611 548 2131 6801 3063 8051 8531 7739 5903 9318 7176 9992 7890 7556 1798 7156 3883 9378 8942 2572 2148 1877 5893 6272 9546 3679 8089 8904 1857 8030 5143 4217 3363 4707 49 8332 7571
45 6260 6066 4797 311 2857 7579 9690 1829 3694 4270 8845 8049 3849 8670 9451 637 3886 4943 7515 2495 1111 2429 9140 6439 8497 6052 7953 340 2806 760 2640 2055 762 5150 2897 9095 8401 8256 3388 9539 7265 1255 1257 1476 9161
48 1117 2090 2911 2470 2580 8616 3687 9622 7346 8077 5298 345 5936 3334 8886 3611 9679 5765 4953 3784 1692 5213 1327 1644 9488 3698 3347 5908 8319 635 1952 9513 5820 1696 4888 1743 9038 3490 2513 7527 2476 9522 7462 7288 615 4329 7630 2054
47 2215 2176 6109 1245 9543 3765 7763 7936 6075 6381 9493 2912 4635 5235 8651 2123 3246 2700 3788 1070 2732 3660 1403 6585 4397 2172 4319 6407 7457 9439 7019 3895 4619 3157 2961 7429 3250 7496 252 3787 7317 4749 7816 9954 9790 2142 4085
48 6167 2116 9741 9698 116 5745 5280 2402 6060 3894 3565 7099 7261 3131 2634 9537 5925 6715 6556 8977 9022 3202 6300 2046 4173 1051 6489 7233 5939 7027 569 6853 6314 1306 6868 9491 1922 5210 1360 6788 295 9832 7267 4359 3941 5448 2509 9227
47 3339 4889 5754 7624 2964 6010 2340 434 2191 5469 9879 3912 7913 6135 7528 8258 4627 277 2180 7697 1152 9409 2990 844 8132 8421 5886 956 1896 8140 7175 9091 7626 7268 1288 3994 4096 1480 5208 5376 4576 8228 4373 8154 1254 375 5107
47 9223 7165 7235 4135 3599 5438 4457 398 1000 764 1192 3187 5365 2803 9036 170 8590 7672 3643 6799 3127 7305 7037 6108 3406 8894 849 8793 5264 502 1531 1479 5327 6380 9836 1716 9302 3841 2140 8103 5423 8807 7167 2298 4731 272 6879
47 6893 583 6569 6622 3404 7679 284 8520 9479 5085 3835 7886 1825 9232 9108 8785 9712 7580 8080 8978 9468 8833 4445 2758 3658 7821 5431 6907 2779 1130 920 3701 6929 9509 4628 5103 971 4423 4436 1879 9809 7699 4000 4314 8218 4652 8047
48 4930 9307 1590 8617 3949 20 4602 3442 4358 1411 2659 6364 8112 2725 1664 2710 7993 3045 4895 4195 1796 2877 8255 6835 4501 958 1098 3566 4125 7216 2998 990 6973 4432 4724 8567 4870 4109 2448 8650 1725 5206 5729 7975 8972 1247 4277 7648
50 9132 1916 6789 6865 4980 2958 8419 2338 4393 4455 2762 4839 1021 3 1563 4466 3152 6259 1927 1311 1075 5534 9601 9637 6825 7453 3521 856 1958 5530 6836 2791 9889 8648 6292 3195 2938 5093 2601 5329 9927 6331 2755 5316 4437 8796 9883 4507 7864 2583
47 9000 4426 8266 6704 8560 9001 9365 3325 7607 2757 8779 7178 4594 8867 9070 5851 5506 2199 5990 8588 172 9338 9167 8289 2529 7258 5178 6711 9260 7015 8372 524 6997 8231 7218 2713 113 4301 4585 5149 5841 6408 6978 8359 780 2653 9996
50 8817 2895 8624 8386 9888 275 5531 1516 1888 8276 3645 7780 8869 4118 795 5803 6648 6040 6988 1998 5283 1015 5363 1625 2354 3018 1258 8448 8400 1459 8810 3758 942 4111 6455 8883 4158 822 5783 6512 3644 9999 2660 2793 2609 5788 6926 858 5784 5091
49 8505 9466 6813 6406 8976 5284 3386 6077 4996 9450 5288 3159 2752 109 8602 725 6882 1500 8200 9542 1317 1072 896 8470 4098 5714 4955 1770 2873 6386 4036 5241 9084 9250 1358 3441 4383 7408 3775 2256 3107 85 9876 6863 954 2867 9061 4824 2403
