7 6031 8520 873 9105 3098 5910 304
4 7109 55 8213 1778
9 9913 4143 5027 8029 499 8224 4541 3507 7566
5 8878 3654 8554 163 4916
9 2015 8758 6558 3263 4202 6454 9949 1846 2693
13 6252 1353 3409 3990 1689 3424 7927 8254 5156 3102 7216 7604 1476
2 3696 6321
5 311 6649 1414 2942 7575
11 1560 6815 5885 61 563 7210 9064 4403 3434 8638 936
13 568 6916 1005 6912 7711 9556 7248 7337 9524 595 9604 1259 395
14 1992 3307 273 1664 5406 8559 9187 2324 1838 7156 2641 9052 9191 2736
12 2695 4071 1978 8395 741 8965 7082 1797 2394 3062 4236 2373
6 5868 5235 4058 6228 4066 7227
13 8292 1867 7119 6160 6900 7064 1784 4387 6493 1734 2642 1640 1233
13 6412 5649 6633 5213 5818 864 7546 2856 4016 2654 3099 8809 8540
13 7399 769 9888 9675 8204 2429 6965 6843 3249 3651 4781 2791 9459
12 7956 6706 7401 3149 8406 2327 2313 696 9985 4084 442 5562
14 1515 9305 6831 2986 5304 9207 3239 9901 3049 477 9090 5237 315 8967
16 4379 2061 24 585 1866 4056 3245 9046 3640 1860 8277 4575 9385 4065 7315 5176
12 3253 1138 4644 6767 2714 6068 1959 2780 9353 6034 7068 9849
7 6466 5970 5137 2297 2425 8998 8345
8 8640 5445 2384 5572 8110 6589 454 2909
9 9084 1105 6361 7398 8209 6884 1421 1904 364
14 5018 9619 3855 372 4679 9649 9320 7638 2896 895 5170 2011 4564 7842
6 1315 6689 719 113 3708 2059
4 474 5300 8670 368
6 5440 9504 567 7239 3609 9056
12 1335 5934 6541 3025 9581 3168 7891 739 5112 2422 481 3608
2 8773 7716
11 5693 7561 3103 3008 2589 7687 5491 6747 9251 9527 9351
11 4525 2920 700 3371 222 8840 2774 4877 8932 3358 7918
8 84 2720 6381 4637 6724 5902 2944 6039
15 1543 768 5245 5881 7114 9406 9463 2230 608 8410 3058 4862 3227 6999 4473
18 7928 713 6807 4307 6961 3281 6952 9626 1227 9166 1605 7287 3575 2899 3104 3368 2690 2333
10 6670 423 7270 5343 9666 8440 2825 7492 8151 6610
16 9707 8731 5086 622 4495 4882 8698 7849 8290 3826 2748 4170 4624 209 9951 3594
8 2571 9752 2883 4855 961 5381 8420 3321
11 2356 5717 5424 4842 3471 8675 4475 789 3291 5732 5033
17 3156 4742 6901 7952 4346 7911 9670 1228 3276 9402 699 3459 5710 9602 2495 9562 2866
7 2581 3667 3354 6245 3680 7642 8895
14 2432 2949 8477 2869 29 957 4536 4873 7864 4260 8715 5307 8536 9252
9 5299 3055 2316 5716 1735 3647 1588 8058 6769
10 6783 1273 1178 6662 9246 4635 5006 7637 1260 984
8 4309 7913 2020 5218 5858 9920 874 3554
13 9393 9003 6277 9325 4894 8102 580 2278 5971 6485 1384 5743 6745
13 187 2735 1040 2941 6418 7088 8783 2738 1208 2518 40 7898 6444
18 3442 8950 297 3692 2507 1332 7140 9405 5808 7180 1852 8073 6192 839 9575 2570 7386 1152
21 2519 4839 7499 6198 9283 2912 6607 4098 3697 7709 658 2079 5990 6155 3461 3910 7086 1792 3026 5344 9639
15 9313 4601 8708 375 8342 3564 1724 7186 1113 8739 6741 8548 9012 318 9492
9 8310 2247 606 3444 3555 7799 489 2418 611
5 7475 7013 7455 2440 3906
5 4435 3549 3988 583 7468
13 4008 2465 3817 3167 3693 9979 554 1194 4583 3614 7034 4378 8775
8 88 2135 4948 734 2828 7810 1883 5991
12 9976 1305 6663 920 9523 7141 7877 219 5222 3655 1651 6377
15 4094 672 8518 519 7040 8578 8189 9469 135 6352 5917 1762 7697 9438 6104
3 3580 203 8184
5 7463 5192 9256 9411 7325
9 4078 4059 5860 9679 1269 3578 5487 7096 8860
8 1066 7429 6403 9291 3311 5393 4352 7382
9 4377 6263 2917 8329 4829 3918 6756 4299 3936
7 677 3629 1563 1879 4546 3160 5480
10 9847 7861 1776 9216 7862 817 3865 9944 9634 559
18 1757 9514 9409 4618 9799 1888 6424 610 1794 6913 2424 1013 7108 640 6460 7221 6775 4747
3 9563 7929 1135
9 8175 9550 3030 2233 8020 8426 4164 332 989
11 6822 9449 5161 1637 7779 6951 1487 9177 7822 3505 3277
8 5335 6002 549 117 5341 9121 8574 3305
9 7657 3090 6115 4788 1803 8459 3602 4107 3191
12 4090 4758 4150 3147 7435 6669 7648 5621 5303 7785 8523 2035
15 5497 3869 7070 8962 541 8179 4687 7188 6502 7028 5875 5698 965 2401 4482
8 4494 9140 1833 5598 8728 8086 1407 8227
10 7965 3607 8890 6658 5428 3290 1859 1643 953 3115
16 303 7957 6695 157 2008 4586 5402 9820 6529 1024 2915 6164 2957 4920 1 5422
9 1209 1097 5324 5769 2559 4214 8564 2176 7152
0
0
0
0
0
0
0
0
0
0
0
0
0
0
0
0
0
0
0
0
0
0
0
0
0
0
0
0
0
0
0
0
0
0
0
0
0
0
0
0
0
0
0
0
0
0
0
0
0
0
0
0
0
0
0
0
0
0
0
0
0
0
0
0
0
0
0
0
0
0
0
0
0
0
0
0
0
0
0
0
0
0
0
0
0
0
0
0
0
0
0
0
0
0
0
0
0
0
0
0
0
0
0
0
0
0
0
0
0
0
0
0
0
0
0
0
0
0
0
0
0
0
0
0
0
0
0
0
0
0
0
0
0
0
0
0
0
0
0
0
0
0
0
0
0
0
0
0
0
0
0
0
0
0
0
0
0
0
0
0
0
0
0
0
0
0
0
0
0
0
0
0
0
0
0
0
0
0
0
0
0
0
0
0
0
0
0
0
0
0
0
0
0
0
0
0
0
0
0
0
0
0
0
0
0
0
0
0
0
0
0
0
0
0
0
0
0
0
0
0
0
0
0
0
0
0
0
0
0
0
0
0
0
0
0
0
0
0
0
0
0
0
0
0
0
0
0
0
0
0
0
0
0
0
0
0
0
0
0
0
0
0
0
0
0
0
0
0
0
0
0
0
0
0
0
0
0
0
0
0
0
0
0
0
0
0
0
0
0
0
0
0
0
0
0
0
0
0
0
0
0
0
0
0
0
0
0
0
0
0
0
0
0
0
0
0
0
0
0
0
0
0
0
0
0
