5 4780 6661 4683 2514 5779
1 2634
4 4032 5305 7220 9768
9 3171 6492 3641 1413 4016 6293 3962 3697 3399
2 347 4256
6 6975 4470 5660 5261 1957 6969
2 1875 4793
8 1215 921 8113 7164 4155 5609 4461 1738
4 7804 5593 4619 869
6 1743 8379 248 4411 8880 2155
5 5536 8776 8305 3760 2504
7 5360 8793 8000 2967 1945 3140 6596
3 3508 4706 1522
5 8027 1490 5491 2796 1954
2 5216 7907
2 6754 3422
5 6190 9791 3276 2516 7270
4 4694 3008 1022 7577
4 288 1079 4680 2719
7 8346 1262 6649 588 1576 7106 5002
5 7495 7544 1449 79 5877
5 281 5477 3979 4346 9847
2 3358 9982
3 1073 4404 4821
2 8218 7690
4 9214 8029 3357 3808
2 516 2810
2 5513 2107
3 6932 9374 2585
6 7956 6083 6489 9686 2533 3540
2 5280 8412
3 5956 5317 8392
2 1624 4625
2 4075 503
6 3045 2203 9828 2942 31 7805
4 8339 2116 270 5486
5 5201 2006 3578 3862 5044
5 1046 8703 761 3101 4901
2 9018 4947
1 6246
2 2953 4188
4 1019 5089 9639 1778
9 3412 9753 4894 7665 2222 3614 4407 7174 5227
4 5171 7459 3074 1690
9 4976 7393 9675 7108 4845 6438 3994 9766 4418
5 5651 4225 5172 5795 5410
4 9642 20 6358 6647
2 9813 1993
2 8763 8945
7 477 7182 2214 5515 8376 2380 3748
4 8982 7141 7635 6898
4 547 1266 3451 2530
4 8901 8045 6435 7246
5 4572 2362 284 2787 8314
3 6555 6109 8964
4 5827 5242 5526 1990
5 5629 9331 4510 5110 1851
2 2874 5365
6 7064 2127 6383 8101 162 4635
6 92 4536 9045 9613 581 6301
7 1357 5728 3993 1295 2537 6404 1739
3 3178 6881 3202
1 7854
5 2135 3553 6840 1404 2611
6 5198 7067 963 7933 1027 1327
7 2337 1729 6604 638 7843 1298 1637
6 466 3243 5064 9523 1543 4897
3 9715 253 6587
4 6600 8755 3668 9827
7 9708 4573 9434 2974 6637 8062 5712
2 207 7796
1 5178
4 6756 2505 4548 7460
5 8809 9069 1464 1697 127
6 5896 2239 6230 59 5573 9015
5 650 7932 3294 6303 6480
4 238 3573 7934 3218
4 8532 6690 8174 9431
2 420 7774
3 6409 1121 8265
3 6751 145 233
7 2524 5203 495 3510 2597 166 9555
2 2742 6479
4 121 9152 8501 4875
1 8096
6 3928 29 3725 7997 4895 6776
5 4173 4222 2881 9991 9478
3 692 8978 9343
5 3300 5649 5844 6673 4171
4 4013 8576 859 4087
6 9462 3741 9536 4651 9062 4714
4 1454 7477 9759 7850
2 1822 2288
4 6957 268 3734 7315
4 1788 9365 953 3769
8 7056 6893 3615 6071 7905 3478 3022 6680
2 1718 3595
3 4776 7463 6189
1 7364
6 9919 4142 1366 8856 7 5255
3 8095 3406 4678
2 7591 7887
6 9026 4150 5677 737 5527 7655
5 9545 8929 2478 641 7474
2 2916 6663
6 8728 4444 439 2691 4532 9841
5 1341 6967 8635 5788 4235
3 2096 7557 6625
4 5304 9086 2938 7747
4 3157 6782 371 1150
3 9891 1562 9724
7 1575 4240 5810 3237 8574 5257 6061
7 9311 7550 4039 8032 105 7520 6390
9 7621 2068 546 1645 442 7617 7413 6546 6806
4 167 1742 2275 2493
9 701 8327 9956 204 2998 9840 9978 7895 4832
7 883 2989 3147 5507 7089 3355 9882
3 4297 4681 6405
6 6976 354 595 2975 1502 4690
3 7105 1156 1596
6 7237 5905 7739 5521 6103 9410
6 4815 5971 5620 2905 9524 7049
2 4940 5836
7 1050 770 3538 1658 8712 4367 4923
8 4759 7560 1510 7376 5548 5380 9607 8360
7 7910 2757 4253 5391 787 1323 6955
3 1102 7930 4526
4 9992 7196 5746 2936
2 6858 3082
3 799 1514 8240
5 2442 8835 2520 3687 5638
4 7271 1180 1475 9860
7 3089 9644 959 4664 4913 6929 3913
7 9267 6044 9953 7647 2491 120 8470
5 9950 1287 7968 8585 3305
4 7687 1615 1369 8683
2 4695 969
6 9467 7333 5605 240 4600 2267
3 8877 3924 2956
1 7820
3 5618 2925 9894
5 5379 6938 6920 4058 4585
5 5084 3032 9623 6077 6172
8 6123 3318 514 6568 4899 5164 1655 7063
6 5964 9812 6758 8704 3081 5707
8 8450 7678 5298 249 2148 6076 8298 4111
6 1359 5350 1719 6307 1940 5561
2 5816 5666
5 9760 3539 7048 6371 2620
5 7750 3838 5091 415 8479
3 8643 4731 3826
4 1724 7221 8522 2480
4 9972 4848 3958 5921
7 2300 104 1949 7940 372 1071 6627
1 224
5 8717 2454 9164 6490 3810
2 4732 447
2 4287 7921
4 2021 5559 5734 3580
5 4243 3773 3226 2862 7654
8 244 8996 7451 5300 808 426 5032 7996
2 4340 1136
2 8482 6055
4 1433 2826 8529 6598
5 2893 2347 1361 3589 1533
5 8143 8794 3626 7250 9404
10 8273 4579 135 987 5625 9114 4038 6911 4326 341
6 7006 2160 9003 9001 9971 5092
3 8558 441 511
5 8910 851 5363 1857 3106
2 1231 3038
3 8569 4961 2016
4 3906 8782 480 8816
6 8464 5031 6146 6608 1297 2436
5 4393 5180 5665 4907 6441
5 8709 9409 640 455 4956
4 422 9512 1815 6091
5 4785 2946 5169 2667 870
2 6916 6960
6 8267 317 3196 5864 9082 3285
5 5233 4882 7508 3931 9349
7 4577 4541 9916 4197 1540 6094 7789
2 916 3021
6 3347 9347 1227 8105 6332 6173
5 7648 8252 9364 321 6207
5 6691 1686 283 8514 1185
3 4529 8068 9346
4 2366 4890 1255 3143
5 4174 5866 9205 9193 119
5 7349 9170 2618 4320 7207
1 7368
2 2549 7540
3 3750 7686 5991
5 4118 3097 1891 7729 2306
3 6215 668 3188
5 7363 2312 9295 6913 2879
3 9318 8743 6843
4 2329 6534 8542 8619
2 1859 4419
4 6304 7945 2172 2494
4 5750 8846 2706 2587
4 9389 6053 6222 9109
7 1292 958 9578 4721 9022 2999 470
5 4208 5623 7987 8037 9802
4 3004 6467 891 5674
5 6145 6238 3980 172 9418
7 4446 4497 5297 2413 4746 2119 1397
6 676 3470 2379 9875 7879 3829
5 2992 1594 6325 3274 2809
5 3155 3090 5402 7435 7362
9 4017 1849 8321 7499 8061 3710 8682 2523 5386
5 3263 652 3663 8935 1773
2 1680 9354
6 9236 5865 5134 1727 8236 9697
8 3608 5028 492 9399 6153 9731 5489 9188
5 3911 9935 8202 1550 3554
2 9423 3080
6 7268 781 8312 7705 6762 7264
4 3579 9233 9947 5320
5 428 5747 6972 7731 7917
3 9562 2291 2804
5 7440 9722 5686 4412 9604
6 1689 359 1517 3673 5158 3767
3 6256 2388 3386
2 730 694
7 8140 9893 3738 2856 8510 3148 7178
5 8054 2605 8203 6248 6148
3 758 2311 1484
6 8458 1706 1254 8060 5970 6656
6 194 4337 3459 9829 5789 9573
2 7888 8465
5 9790 1767 3864 2567 7908
8 1621 8557 1332 2471 8979 3421 5667 5551
2 4639 9307
9 256 4229 1699 8928 9586 5372 1428 8416 4791
4 1691 4365 6343 8768
4 5705 9029 3960 4540
3 8749 9661 5738
1 7194
5 9102 935 7726 6022 2968
2 287 4364
4 5468 772 5824 2249
4 3055 4984 3840 4659
5 4311 6296 9358 8290 7165
8 7680 6006 1619 8016 3601 7807 4762 6906
5 3948 8891 9934 7900 8114
4 361 713 1628 7652
3 8124 7817 819
4 9772 7675 1018 9782
10 5797 1505 3851 5781 6904 9652 8527 1939 2371 9866
8 8243 1443 2866 2709 2264 852 1916 4789
5 1549 5692 3115 7839 8918
1 5987
3 9514 6442 6491
3 6046 5306 8395
2 7702 5953
2 9786 8715
8 716 2723 2190 4979 5985 7281 9244 3957
4 1436 4946 5698 2623
3 5577 8077 3857
11 58 3658 6517 7736 9143 8002 2308 2572 7772 5845 1508
4 8973 5672 5633 2497
2 9454 2431
4 1229 6636 8852 9204
4 2498 6339 7608 5915
1 3530
1 8799
6 1377 1354 115 7821 6196 3901
6 5087 4381 9687 7261 6823 2213
4 1909 2947 76 4644
4 7103 2466 1974 8583
8 6903 9132 7595 1337 2927 3098 2850 8268
6 4090 6281 8065 2844 41 9770
3 4067 8596 9296
5 7605 639 7214 4981 7341
3 4343 6713 7756
10 8204 4914 180 1828 3092 2990 9030 3168 4354 5562
5 7151 3303 9008 1698 6787
6 4574 8323 8902 2437 9579 6575
5 1566 8459 1981 77 1199
5 6509 1326 9299 4305 9192
5 5245 3184 9667 6626 4712
5 2245 491 7470 5717 8589
8 8081 6141 8164 5549 1385 788 7852 8898
3 2632 5621 7568
6 6280 1375 4783 806 6181 6498
3 6525 4274 4962
6 260 1116 4846 4663 9105 8670
6 7656 6119 2278 1513 6867 6576
5 6504 718 6183 1135 7775
5 1435 4857 8313 1388 6142
2 3252 5635
3 160 458 5065
3 2871 8771 2400
8 9856 4245 783 346 7169 5337 2467 5988
1 98
2 4029 6830
1 6279
2 7336 8548
3 4675 5918 6952
3 6252 292 75
3 2502 6387 5897
5 3315 4741 8192 6356 1289
4 4828 7972 4268 277
9 6284 2614 1525 9329 1609 3348 364 3617 1911
2 1604 1665
3 7403 2189 3818
6 6473 7795 4434 7490 9580 655
2 8370 9138
9 552 6727 9489 9149 2931 4862 6631 7837 2386
2 5928 960
6 9792 9656 6308 3015 3349 4184
2 2099 6360
6 8757 5131 6199 5034 4735 5042
2 7963 411
8 528 7752 5696 1919 2700 3345 6947 592
3 3298 8449 9403
5 6522 6954 9964 5061 9918
4 5500 457 9025 4605
5 8350 3900 1978 696 8353
4 483 2807 6524 2349
8 9674 6880 1324 8342 344 2405 8374 5007
6 395 8792 8916 453 937 63
3 2047 4176 6202
2 6324 6240
3 7436 6254 9556
7 5689 1701 6853 6981 2211 5575 3570
5 9250 6802 6755 1184 4978
4 8332 2434 5813 1551
4 5640 3935 517 9741
7 8834 5294 4995 4615 4877 578 4329
4 3424 24 6052 2254
5 7816 1171 5344 4688 3504
4 3210 4074 3788 7534
7 5135 853 8823 9074 2731 5736 6216
3 5798 80 3870
3 8690 4360 9838
2 862 5392
3 7437 6496 7272
7 9016 3498 8633 8485 7951 3816 3334
6 4634 2313 8405 2726 2959 1503
3 6106 752 6235
3 7192 3366 6051
4 7994 4798 2616 2215
3 7001 8317 7718
6 8825 4920 3208 978 7152 2994
8 6699 8876 8289 3684 3068 573 2481 2084
3 1034 3404 7947
1 5453
4 7918 4670 4319 1363
