60 370 779 5628 6316 9059 774 7597 5847 7928 2951 4721 2973 2544 5049 2902 1895 4374 47 1988 4567 1405 5052 4420 9649 3592 7221 5859 321 4976 9925 8156 8786 68 8707 4371 230 6326 8346 289 2277 4962 3919 11 8271 9342 679 5084 1444 8267 4675 8691 4783 1116 7541 1651 782 3728 6609 3648 689
51 7329 967 49 6590 721 8200 6650 5526 4322 6674 6230 7396 8575 9981 9718 135 9515 8975 8194 670 2283 2129 4873 5756 7812 4797 6513 2783 557 6904 902 12 5873 8069 2799 2857 7652 4335 4008 5209 4779 4727 5456 2520 1404 5622 2010 3090 4280 662 2375
63 6896 5065 8599 8053 5833 9717 4906 7252 8944 4226 1493 5543 4746 6223 8462 9318 6581 9437 3435 8062 5082 7638 628 8050 7768 3200 5701 1165 1736 7055 404 6422 1932 6329 6112 3964 9997 9764 2721 6895 6687 4796 8544 4500 6176 2467 2316 8206 8064 2473 7430 6574 811 2801 4745 2131 6956 311 616 3338 9915 8380 8822
66 1247 2636 2296 4200 9704 9324 2845 7379 8270 302 3403 4568 7936 7967 3102 855 2436 8677 2735 5993 4582 2706 3056 2560 5306 2424 5686 5115 7685 1032 1659 6854 381 4352 3492 5240 5659 971 332 8195 1401 8235 1765 6452 3797 5606 9811 110 6404 6694 2019 6247 9120 6051 1922 8680 6712 5750 6459 3978 7845 5749 7742 1263 7561 6229
60 9835 1631 2477 9964 4526 6237 1949 6548 2362 6012 9593 5038 5297 5405 4068 2405 6757 3360 3256 7563 3579 8007 8466 6110 3424 468 8675 7955 9814 6933 3088 6929 6800 4316 6351 9516 8711 7474 2085 4565 1945 6953 2253 8613 2246 2791 2615 4354 8864 3 5425 5885 1630 9247 7891 8520 809 3135 2979 2065
57 9199 4575 8251 1546 7181 8665 7507 8384 3188 7157 7854 2281 4908 4863 452 7239 9893 6008 738 2137 3546 5680 6497 7017 4199 3694 6700 5429 7887 726 7976 896 8126 8154 3304 8908 6918 8375 4261 7777 509 8679 838 4995 9669 7310 1809 6306 214 3252 8052 7077 2288 2396 7124 5780 9697
56 8521 8429 1229 53 7331 7569 1626 3604 7054 8348 2587 9451 3900 3859 7985 69 4525 438 9163 2679 9114 8205 7271 763 8649 6483 3513 4377 442 8423 4244 9309 604 6755 6683 2013 9709 3467 5907 279 9129 8841 6480 2110 444 2563 3320 6949 6924 2775 2017 1216 9571 1663 4365 8329
55 9689 5445 9768 128 7926 9285 3748 2923 8530 6183 131 443 9779 3560 7856 3398 4605 982 7268 587 375 4062 5838 1085 4725 1599 7802 9934 8124 5891 6886 8076 5539 9470 9004 315 3423 7545 3378 7839 2748 483 8288 9187 1218 3523 7913 4346 8582 3495 7045 3943 4775 5634 3669
63 2048 7766 3701 4872 6450 7481 2604 9145 6540 292 6756 9073 7028 169 1642 6765 6434 9953 46 6964 4859 5843 3989 6915 9155 5153 8044 7098 3038 6903 1463 8286 7022 172 365 5487 3893 6724 1384 7035 5039 3662 2780 980 6913 8188 5374 529 6816 6856 3823 6234 7125 9837 2767 4074 150 9671 9924 4011 4659 5270 1234
61 7278 3273 8218 9739 258 9450 4291 4382 2732 1140 199 2060 2268 9592 2906 5229 4148 8341 497 5479 972 4442 4278 2640 4815 7537 2387 762 7135 5872 373 3702 2808 5106 3465 7222 9244 1540 5866 9404 3007 9395 9382 2459 1553 2192 1136 6470 4285 9302 3323 5963 8406 2496 5276 2899 2160 7590 6473 4267 5510
63 2492 3224 4994 5820 5626 5570 2076 709 2026 3000 7118 6356 2760 7063 6827 7429 1436 8122 650 9554 5179 4033 1203 8162 5559 6658 178 8686 9021 8949 1365 5422 9694 1432 1145 4944 4523 8734 9771 417 4293 4598 3388 5654 2807 2862 448 4939 8961 3734 2815 5398 8794 8431 4422 285 2232 9519 2485 4983 5722 6676 5692
61 9040 5835 2104 5156 4016 580 2535 2509 9214 3726 1131 5434 1002 8799 7857 6855 2651 1302 4045 1128 7720 1585 4303 8277 3120 9885 5858 5673 7524 3595 4427 9939 7627 8401 711 9307 1292 1267 3982 4730 7444 3043 1014 6283 8697 5341 4607 1744 92 8928 8369 4078 5697 1084 9684 8142 3257 2382 3496 4936 3537
60 8100 470 2039 2532 9338 1608 545 9910 6817 8259 3771 9195 2254 6808 4818 3658 985 7197 5190 9009 9233 4570 5909 7869 3617 7615 9876 2641 8019 3699 260 2168 2341 9529 2256 3054 8016 3913 44 8791 8493 6721 6430 6938 3838 2058 6990 808 5566 7397 3407 2893 1714 2290 1243 2538 1097 9131 9014 8484
67 7258 1634 798 9758 5308 6453 4698 7105 7795 4621 6934 2637 7082 3366 7842 8741 8455 4932 6770 7255 812 2395 3808 6210 852 9290 5360 5903 3444 1586 2942 4007 4643 8446 9570 9905 8389 2921 7641 1902 5688 3656 6511 9166 9823 1575 7373 4355 920 4465 8236 1324 5323 9864 1286 6838 1677 9298 9249 6399 4417 8565 2928 8087 5803 1205 803
65 975 4943 8720 8559 5871 1366 32 1662 180 3959 6600 6961 5255 5266 676 4980 8264 8387 889 8830 7588 140 2211 2896 3826 7376 2975 6731 1331 2319 3955 7206 2267 6661 9976 4139 573 5564 3321 297 1652 4549 7981 4419 9178 3271 4029 5173 1703 1250 2546 5990 6271 571 8181 7398 9527 6289 5943 6612 810 8808 6778 4917 7359
61 3545 9724 7706 8674 3850 2014 1421 8059 9528 5219 1474 6884 8548 1998 8123 8263 2595 5861 1823 6957 7074 1406 96 4113 6652 7546 6883 9379 6965 5110 355 9198 9583 7334 7140 555 1467 843 3184 5204 5476 94 2819 8272 5469 7187 2141 2677 769 3039 6850 4318 3124 7147 7774 596 6443 8586 8382 3582 8840
56 1954 7899 2308 8936 1981 8956 7333 1600 3552 1293 7198 104 5901 8516 1825 5371 1674 5387 383 5299 2329 6748 1509 8549 5351 4364 8467 8865 7010 3696 6688 6083 8081 4104 201 3158 6391 9399 8461 8938 8490 4134 2181 4166 8219 5452 130 4443 6592 4830 4103 461 1439 4265 2668 8339
60 630 9213 9115 9856 9134 5524 138 5114 8578 4026 7447 6733 2167 8092 7066 9699 7580 2309 9695 1590 6054 2759 7336 4457 1709 7282 6932 3462 1039 7100 7919 5550 8287 4502 9862 2701 1461 9988 3066 8396 31 9142 2243 9152 8147 2957 1995 7805 8133 3529 1115 551 5193 7950 3148 7533 6868 4637 1239 9207
61 4733 9978 3261 7266 6545 2042 6720 1601 5305 1898 6723 7566 1860 4453 4769 7059 8508 6710 4968 4279 619 8667 1088 9180 2220 1383 6439 4814 6851 6746 4231 2977 4038 2020 7721 1454 5986 2832 9755 9225 6061 219 6209 474 5726 1162 177 3906 7399 45 6520 9949 2186 5935 5069 4954 175 7852 4163 2572 7388
60 6644 7952 6747 1342 1482 2007 9622 7211 4315 835 343 2986 770 9509 6682 9644 5582 5171 7220 5475 3894 6495 1548 7740 4732 5063 377 6318 9175 6005 9127 1320 2301 3777 3951 2740 8290 5390 6015 366 2960 9235 9474 2498 9153 4772 5315 1875 8357 3934 7881 4735 6508 3225 7005 2411 5304 5067 2772 40
59 7479 7224 3083 358 3476 1028 6040 4034 4524 2517 5598 3012 8445 1091 2704 5936 9190 210 2925 5218 4017 6072 3315 3036 6260 2804 1435 9757 3032 4513 7807 4386 8036 1068 2761 6323 4255 8951 5257 2586 2733 2994 2665 7878 885 1213 1818 1341 2682 3630 9565 9801 4259 6238 9522 4566 4604 7665 9678
56 85 5376 3849 2638 360 6320 8804 8096 5068 5549 7418 508 8729 5552 561 642 5136 7547 420 270 4720 5180 5797 1086 6718 4044 9368 2397 1833 6041 8107 8918 3357 7531 5823 1678 1983 255 5410 9413 9427 6125 3485 6155 9439 1278 9231 6101 2800 4960 2824 9786 7591 7152 1610 5202
62 5003 7030 1625 3503 7046 361 2717 1066 3634 9789 9614 2001 2148 5332 3589 441 9760 7085 1613 626 2820 6458 8917 882 6968 6325 7081 6398 1589 3179 9360 2610 2828 6030 5754 6321 9372 9880 7859 6484 4312 4031 7516 2047 2115 9280 8562 1061 5217 6020 6157 8173 2570 2354 568 6407 1004 8091 4966 5738 5702 6572
61 631 595 3857 4213 6033 983 1876 249 6880 4956 8596 8027 6936 2658 9072 659 9297 5145 3772 7872 2400 1566 1437 2953 9608 9965 8308 4177 3030 8995 480 7382 1693 8989 90 7966 4950 8671 9104 7480 2725 5325 4089 873 9854 3947 1462 5744 3940 3040 7975 7908 4778 2726 9390 6050 8591 964 3149 274 2687
62 8011 4928 880 194 9205 3464 7305 9337 141 2557 3884 3530 2956 1225 5972 2366 3180 2356 1596 2657 6441 2038 3472 115 3018 4622 1991 1884 1268 8858 1033 1866 349 1916 9272 8885 4481 7368 1299 7134 3967 3612 2344 3571 2802 6347 7646 828 1638 1921 1182 2871 3493 4561 2446 6809 9475 4039 4341 4589 1174 4338
61 5207 6847 640 9035 6300 7677 9546 5044 234 8229 2676 6467 9705 6464 9696 2547 4360 8342 7067 8088 8262 4829 9850 5196 5013 7174 6105 6244 3396 3927 1135 2969 6888 664 2413 9191 3700 2635 3351 4054 9590 4787 1374 1577 3966 9651 1573 1858 8848 8985 486 5373 1217 9398 9610 6145 5327 3805 4691 197 1581
58 6436 990 7656 6629 6986 5821 9044 2271 5989 6447 5729 9936 4247 8085 9162 2792 237 868 9012 5951 4646 4625 4454 5617 7653 4387 9091 5785 7548 4254 4539 9243 7635 4408 397 4167 9715 3065 9495 7148 3992 6280 6159 2596 97 1496 4806 3255 8872 5024 6256 8760 58 7461 3877 8714 204 463
59 8254 7669 3121 6551 851 2996 348 4192 8015 5326 9139 7200 5287 6132 5976 9690 3756 8020 5435 156 5815 3873 398 9498 2853 3478 7990 229 9376 6456 7672 3801 6967 3631 1942 6553 4484 7551 6839 7279 6768 139 1062 4241 3367 6078 6478 5639 8581 1569 242 9359 5402 5035 9549 9236 3115 122 5956
60 4476 6379 7446 6796 3355 9543 2157 3297 2678 6515 7855 4805 3841 2972 4654 5538 2552 1464 7126 5166 3401 8765 6245 7445 1266 8703 5958 1565 8204 1881 2438 6215 1955 2867 3235 8004 3085 5291 6633 2835 4497 7655 6175 5488 7592 1298 5335 7684 6292 3046 323 3821 188 9712 402 4653 3526 6940 6615 1023
57 8363 7554 3243 5773 3875 6113 9345 9055 5338 698 9575 6466 2568 9538 6831 4833 5279 4369 9016 1776 271 133 2138 2929 5695 3759 2649 3931 5333 5955 2071 6307 6034 3402 5263 629 6834 5581 9639 7421 9034 2272 2414 3613 286 2235 5808 9184 5342 2346 2754 5388 1994 7654 3739 8776 6991
60 1360 5685 6923 6826 625 8012 8511 7009 2284 5655 9018 6369 6689 997 7934 4079 4123 3881 2796 969 9733 8131 6192 3611 5593 6821 7861 8842 8895 6465 5282 1385 9311 9742 3418 1183 9275 6974 8491 4438 2881 2015 3782 4634 3614 320 9969 5531 208 4197 1335 9182 8340 9730 7808 5499 4183 304 9264 8622
55 940 8077 597 7505 1038 4927 1134 2342 4847 8293 8796 3556 1394 891 4187 4412 3564 8790 2175 1220 1491 780 6384 6454 3116 8619 6400 8772 2216 6171 9030 21 6751 6377 6265 478 9292 8056 7119 8042 4972 5191 8430 1466 2046 4897 7219 6772 9327 4053 4401 644 1361 48 3762
61 1249 1076 1158 5329 8349 4532 1209 9926 3487 3525 1658 7500 5605 8924 9276 8105 7357 1511 8993 4246 522 4701 1058 9477 3293 3606 6529 897 6593 608 804 8650 3718 788 6822 6143 3903 2120 5210 7287 1702 9598 4158 8982 268 4091 9623 8561 6149 7385 3946 5522 1837 8654 2415 1856 946 9284 5747 4846 4094
55 2578 227 6426 4588 5757 1943 9558 5600 3145 3886 6802 9326 1681 5111 4385 2075 4550 1620 9613 3640 9841 4618 9367 1956 388 4404 3383 1962 6873 7003 9719 9766 2561 8540 423 8851 159 353 9168 7833 9512 1108 872 7264 3230 4294 127 5380 129 5981 5311 1978 2959 775 3785
60 4821 819 6563 4782 516 4403 2626 5515 8215 5636 8669 2080 3159 1889 8009 7798 9138 3864 6560 405 7352 4493 425 2084 525 4554 4717 7490 7043 8465 5790 1807 4095 6046 9218 6713 3800 6741 8988 7964 8417 4668 7809 9100 6681 1315 6276 1588 5980 7034 4250 1391 8904 8183 7849 9335 1594 6738 5273 9620
66 1010 1759 3594 426 2081 1059 5050 1536 783 4190 6067 6995 9317 6588 5112 7141 9898 771 2890 4722 496 7225 3567 2491 4020 4397 9567 6656 2078 5569 7230 5474 757 3568 7942 7620 6641 6294 8334 8852 7409 4884 51 2385 7746 9581 7186 8859 5199 8685 5656 4606 5056 8469 4624 5734 8631 9738 3048 8082 7191 7169 4810 6996 5786 9087
60 4229 2011 4638 6775 8408 8211 9025 8798 8212 2088 1054 2269 2255 7095 7651 7341 1830 2712 2381 8048 6578 7441 8258 5307 979 1645 6832 949 2669 7347 5177 3924 9654 2378 1616 6115 9013 3965 8006 4662 1497 6388 458 317 6799 389 2177 8789 704 1208 3755 6999 4671 2426 7511 5794 2257 3300 5090 9414
61 8404 2550 1030 7378 4596 4452 2461 9803 6421 6471 4719 8112 1458 5737 1775 6120 930 3775 2360 9578 9692 4421 8114 254 4774 9960 2806 4234 4949 6663 80 1139 264 7502 6161 4012 7250 4985 6203 879 9991 7847 8992 5560 8923 3745 244 7330 3110 221 1937 3733 701 1966 9545 5345 667 3709 3081 7351 1126
58 9967 7765 427 5580 9173 1081 9740 3638 9993 342 9625 3677 9432 1893 5392 5898 5248 5623 671 747 4126 8660 6348 3172 2101 5102 54 1425 1934 7097 7874 3192 6500 2769 2861 4356 1204 5261 243 3340 3473 7032 4117 1571 9177 7843 2940 2169 801 3914 8070 6930 459 3574 2261 7122 2971 3652
61 7383 5135 527 6037 1918 8256 3497 8965 886 8498 2355 3883 3189 3681 2305 3851 3301 6277 5777 7977 712 4711 6605 5498 2302 6231 1622 3458 8489 3348 1325 6165 3466 7056 541 2072 2503 5107 1811 8751 2147 5441 2451 3208 1746 18 4748 7380 7182 9469 2534 3916 192 6648 9296 3678 4172 1754 3795 7228 3984
59 7747 3897 1707 8911 7909 7116 970 3375 1726 6431 3968 8907 6628 2089 7060 8494 4462 4862 913 4320 7888 272 5674 4713 5482 212 7875 9918 3531 3711 7323 456 1330 2323 3004 6905 5545 9849 3084 7259 7540 7112 8722 1936 8148 883 3392 2097 8570 3288 9026 27 9621 7625 9985 216 9822 6779 919
70 5472 3794 9051 6181 610 2683 745 3721 8381 4669 6202 5768 6739 5295 5708 7731 4534 9784 7289 3016 1190 8894 6885 9872 4185 9706 3488 7004 7434 59 2363 1926 7386 5470 2773 2317 1470 9851 5761 7272 8643 1224 5236 2939 3558 1848 2954 1395 5746 4348 4281 3387 8158 6642 1741 792 9076 2794 9677 6059 5651 5372 8994 9314 6017 1929 1821 8584 6626 5928
60 7389 923 8943 2870 1214 7613 5087 6969 2140 4411 2747 6116 6196 794 7886 191 113 5453 5895 806 1380 5707 6668 9632 4121 9656 687 4212 9505 7993 1731 4946 4569 583 3535 2699 7860 9421 4080 5247 4478 371 6901 9638 7179 9268 8297 6707 5002 6619 5514 8416 3425 2221 9355 8605 1661 7407 8753 6791
62 336 6686 4381 5594 7991 50 847 2108 5733 4551 4098 793 1153 8870 6168 7015 4049 3809 6390 4777 2949 678 1271 3247 126 7767 9456 2946 8295 1036 1831 575 4086 3427 9212 9517 6744 5010 6026 3983 6958 8098 121 9273 2723 7183 7325 309 3214 4695 2407 7578 2831 9762 8708 4740 3283 8392 472 6182 7276 2914
72 2106 1836 5781 3479 1971 3758 7338 1042 8793 3146 9497 2879 3075 8240 5851 5668 4489 3096 1974 4204 4853 1869 6989 3915 6874 8067 550 2885 1160 467 5548 7757 3998 4359 2286 3544 5059 2429 4164 7718 1255 768 9267 5929 4875 2420 5085 998 149 1961 9304 3517 3281 2062 8762 4970 5985 2374 1778 9660 892 3555 909 7789 3390 9501 4100 4530 1261 228 9480 187
58 5439 240 8922 6124 1567 1537 9373 2813 9520 6333 3647 1919 2200 2764 8314 3361 3206 5284 3650 5030 2152 716 1202 5162 2598 5849 9172 3510 1700 1604 7916 6531 862 1887 2358 4245 5624 9634 786 8611 4198 71 7204 8836 797 4852 3902 2919 5585 4214 4218 2720 1720 5528 4208 5147 5095 5653
56 9518 7846 2854 9818 4515 2727 1705 1468 6403 4345 1968 7885 3935 3168 8855 2300 6389 7787 6829 8817 3134 4014 6362 7637 7804 8728 9259 39 2478 2840 1020 3905 2744 174 8628 5649 3430 2113 5020 6539 1409 9067 988 6154 8574 454 2816 3057 8930 4270 3150 2541 4726 2910 4978 4133
60 7254 9193 8180 1003 7586 2757 9400 2710 166 2024 4110 9349 3768 2494 3583 1099 7844 3241 4222 1438 9282 8232 1838 4283 3346 1433 8950 8769 6194 7601 1125 8268 1053 6099 9566 7814 1699 3747 8040 1373 1719 7424 7422 1408 2785 6730 1304 1850 5060 9736 3577 3266 986 4161 4706 1069 3865 5139 2303 5917
57 574 5880 6373 874 6643 7346 3649 4921 9511 1095 2454 6842 8402 1481 9006 3882 1669 9323 6254 1554 2195 5223 6577 3409 2213 1484 1070 5925 7530 2274 1587 8684 2134 142 5824 3783 3623 3576 5033 5397 3845 6881 867 7640 5331 1169 9440 3515 1133 4715 8391 5188 2932 5831 7943 7813 3319
61 2516 8021 8041 1006 4681 5893 4667 1180 4059 5868 6920 4902 3289 2830 9970 4556 4173 8311 3491 4488 6527 877 3308 1049 1739 959 5798 7897 1672 5884 5799 5715 1944 2812 6272 1891 611 1189 4945 35 7790 2390 7927 1237 2098 2607 6375 3781 2690 8383 1082 2066 9951 1559 3356 938 1890 5822 7974 2479 5078
62 9681 8298 894 2933 8176 8999 3284 6811 5883 4788 307 3227 8097 9286 8192 1475 2265 2943 4793 299 2809 6086 6204 5977 1621 1240 805 4785 4776 8470 558 475 460 3380 9010 9242 5787 8920 2036 4252 5641 8761 9560 3991 1574 499 8744 3381 6338 746 3899 4916 6521 5250 1892 2437 295 7905 4876 2332 3136 1925
56 9386 7784 435 854 6703 2702 727 5486 6324 633 4628 500 4619 9668 400 364 3889 739 758 1913 7019 3138 3276 6302 6729 7049 2852 2218 4544 2273 8355 8659 1424 7941 4657 8478 3068 9800 5764 7132 8128 1312 56 1349 8998 7633 7058 8013 324 1840 6951 2252 1820 9234 1756 2988
64 6158 1411 524 3871 6797 9107 5447 2489 6664 6722 7605 6166 2944 6038 7487 9046 6562 3651 9085 5029 8093 1415 2250 1138 7573 4979 79 8915 8065 3740 4138 2882 4558 2238 8942 4325 2102 5064 1595 7866 3610 1124 9792 6732 4084 7686 5982 7666 1970 2412 5879 9443 5260 3433 5116 9081 3022 4468 8636 9339 4938 4165 7681 5015
71 155 7543 9017 7513 5091 4573 4548 8972 484 9921 9617 4812 588 2162 8265 145 2536 8687 9647 5231 1377 5662 2693 1196 5804 3724 4152 7483 1420 5277 2569 7029 8136 3674 1541 8655 7160 8719 165 6943 1855 5269 7528 25 2468 6198 963 9751 5140 2995 8801 536 3628 8150 1186 3792 3679 3880 3019 4601 9912 1789 7564 4041 8868 8421 9977 8610 6172 7520 7042
63 1523 4529 4398 3434 2847 7462 6009 9935 8627 6777 9873 6806 2789 1274 1558 3386 152 6740 6217 4027 380 8079 9048 5432 7912 4527 4470 6191 2368 4013 7425 2145 9643 3164 9601 7876 692 1416 5415 3359 3382 7690 7675 3933 2005 9436 7949 1980 7384 4838 2401 6262 8945 4108 6414 3219 5517 8028 9831 4602 1880 2226 6870
64 9987 814 3017 7692 8884 6514 3130 410 2315 7749 5401 4146 1745 4175 1909 9122 8248 7302 207 163 4907 4458 8800 5832 8109 5954 9196 2983 7089 6616 6670 4257 4390 5705 6220 4536 1905 5220 1120 2449 8764 6803 5366 7178 6119 9968 9486 1706 5100 1173 9416 5625 6103 3691 2745 1946 9750 6107 1445 1012 8203 5143 9989 1682
69 1886 7203 9887 7873 196 3469 7522 9743 9194 2504 4900 9805 7262 9596 8307 8913 5770 703 7818 4761 8253 1516 5575 2282 6354 4905 6460 3605 7958 9341 5212 9261 3156 7460 3373 5138 8005 7001 7416 5975 7791 2593 3690 8763 3205 8519 4849 8476 7978 9423 8422 2758 3559 1664 7559 7895 1370 6481 1328 9777 5300 9112 6213 1113 1984 2901 4238 931 9604
66 5399 7238 8043 6392 5748 2639 3311 9061 7024 5426 9563 9106 2875 2410 8214 9430 7079 359 9595 5023 3101 6206 5061 1846 9444 4459 7552 3866 5355 4448 6939 2777 9189 4329 2123 6233 9260 494 4461 5237 4705 6503 3278 3890 1812 164 7657 8509 5782 7884 2107 1947 9662 7858 7727 4631 2708 6669 7882 341 8086 6402 7402 137 1226 1940
61 3141 4514 6022 563 4015 4924 3394 5428 9095 5272 3974 8583 6363 901 2805 8771 1149 2500 507 7194 669 7131 3507 9466 3160 6000 3876 3846 7863 6319 4781 8759 6766 9525 2533 3175 1518 3920 6487 6427 2756 8153 1340 2063 750 407 3562 9453 5878 1957 3397 3836 4535 9514 1055 8576 2883 3818 4800 9422 4649
57 1147 4400 4151 9867 7764 8101 816 2616 2215 3199 3703 6117 8673 9092 888 2736 2897 4765 5117 2293 4418 3746 7832 8184 1839 9582 7463 623 6853 2003 6530 5128 8330 26 9612 9842 4925 3999 9782 7763 3761 688 2646 245 2645 8725 4077 8531 8149 8966 362 1150 2749 8888 1763 8727 4308
57 863 3440 1281 3856 3034 7156 9713 3063 1074 1897 1941 1972 9433 1230 6801 8296 7442 8713 3813 102 6526 634 266 5947 1393 6554 2440 5899 86 7080 965 1805 6866 5657 764 9000 4682 5045 6742 6496 5108 5215 3786 3970 3922 3482 6745 6342 8379 2918 333 114 9458 6023 9950 7038 9455
49 4376 3028 70 5616 6357 2892 1148 5766 2571 8588 5914 9946 6066 1761 531 284 5897 2825 5874 8958 1973 627 9362 5816 9047 9534 5098 3100 1814 5664 6544 4693 3867 3852 5130 4655 5902 401 3076 2324 4128 9257 4130 2418 3918 251 1121 4904 1734
61 7499 5314 5155 8388 4993 3003 1612 741 3547 7576 6365 7695 6429 9489 2670 8177 2119 4961 5604 6003 8451 6282 3835 4686 602 9609 4734 6897 5723 9438 2548 5186 7257 8653 5645 8442 9447 369 4877 3313 9258 5771 4718 1297 921 1387 5845 6715 976 5965 4553 685 8821 116 257 4613 3814 9003 20 6645 8612
61 2421 6579 5944 5198 6922 4856 9726 6793 5546 3698 549 1073 8310 83 1501 3226 5275 5551 966 4647 2716 3788 605 3501 9410 8607 6528 9962 1950 656 124 5375 7295 9094 5413 4870 4277 8580 5343 8282 9657 9254 2514 4518 1494 3312 7595 6501 1314 9920 1354 2863 6236 8051 3118 6538 8327 939 1844 9348 4957
60 7973 5192 8507 4479 2707 4042 9504 826 7025 5216 1635 8145 2077 2656 1327 4309 7410 7201 7870 1222 2463 9753 9159 3653 4372 4066 6813 5099 6477 3431 2118 3824 2922 9232 7532 7663 3429 6241 622 7584 457 5490 7996 9377 1985 1103 9572 9853 6142 8546 3680 4560 3528 7568 2150 9765 2210 7931 690 5226
63 1137 6385 7146 5886 9759 5772 7453 5126 9019 8424 925 7614 7000 9265 9531 1733 1689 8347 4758 8737 9961 9039 8735 2388 1111 6448 5144 2092 1363 4997 2722 8717 1235 7394 6344 8477 9424 7423 4170 6795 5679 8539 7299 3707 6771 7306 6872 3447 9098 4989 8668 1510 5767 2554 1105 9868 9930 4030 6075 707 5006 9687 2573
62 7411 3714 2865 8374 4934 2904 8792 3426 5950 3926 2219 1309 238 4543 6063 1718 8657 1402 6193 3494 2508 8410 1338 9262 5041 1499 7188 582 6084 8953 5249 2325 2976 2507 7892 9773 1265 2483 6435 3659 1151 185 5228 3520 8869 2872 8658 5724 9929 7413 2672 4743 3292 2842 2034 7393 7243 3144 744 9158 7999 8301
50 9780 6163 760 960 7893 4176 357 8400 7014 5759 2439 7717 7286 9869 1223 3267 9471 88 7801 6221 6725 2963 4349 2202 3484 465 1649 9459 9955 1976 2965 6535 5691 6754 5460 2703 9503 4819 4224 4115 4018 6537 4584 9208 3843 3329 4969 8964 5289 9844
64 2336 9064 8901 2022 842 7458 5057 7247 5451 6835 6864 6516 384 147 38 1295 4181 6387 4131 6555 6977 8522 5208 8336 8518 8483 2125 7901 2383 66 1289 7602 4085 8364 7983 9378 2558 9181 5494 5242 6049 7337 7851 9683 5251 1488 3097 3725 3005 8242 3215 5416 6438 836 3912 2304 6671 5146 3572 3412 3420 8182 3773 6627
64 3692 5497 1077 517 4738 7121 3774 2435 9472 5946 9211 9673 4867 4433 8866 4217 6227 7086 7968 6188 546 1783 202 8338 5037 7618 5671 562 736 2012 3995 7199 9007 6127 3750 226 5778 8608 7598 8696 1863 989 3071 7136 8321 4367 5075 1167 9179 9269 9591 4692 1847 1507 5234 7823 1078 4306 8903 3657 9812 5170 5286 9149
62 9686 8366 2082 7924 259 1087 6784 3303 8825 394 6696 8257 4456 6016 1767 5554 9140 4425 833 3014 1198 4211 4394 2109 9772 3217 2166 6071 7512 9250 8723 2551 8926 1933 1769 7751 4473 1275 9587 1623 4120 7027 5019 4439 8566 2237 9426 9060 3689 914 1 5706 2542 7494 7670 1057 4129 2229 4840 6532 2734 9819
69 3869 3815 3067 1810 8941 1157 2178 1035 316 6607 4645 526 6090 829 2694 4608 4378 3178 1930 772 7603 3193 1632 7316 1698 4409 7612 999 6780 9574 7387 3035 4508 4436 1551 250 5167 944 7342 6412 1542 4712 6065 6798 2136 3909 5012 9031 6635 9956 4230 5527 7209 1143 325 6608 5865 2671 5676 8418 6007 501 5164 3716 5597 7459 8750 8806 5187
60 710 3203 6814 1960 9097 2803 5698 3474 3917 5846 5077 6785 9857 382 1241 5001 2974 7631 1713 6908 9580 8892 489 9251 5205 9589 376 4168 3499 7622 4022 9666 6898 3166 2379 8223 288 6014 6759 941 5561 6690 5336 2888 8427 3349 2823 6665 2605 9083 7752 9215 4757 9826 2163 3502 7218 937 9320 2460
60 1345 9274 3139 4577 9174 1269 354 9321 7581 9279 6639 5745 2059 5839 5152 1187 3008 5394 4723 3796 4742 6636 3163 2781 5055 1757 200 5529 5142 1673 8876 1414 7291 6941 1305 9431 5406 8881 5454 6899 9648 5819 1723 3622 2714 876 378 5557 598 2353 8482 8104 4890 2278 2091 3456 4142 3374 866 5385
65 9954 3452 3021 4755 2035 7213 3673 1781 3251 9052 2525 1177 6566 4594 2310 1453 7501 7390 1064 1835 2170 1708 5988 1871 9752 2068 5829 6068 3327 9295 4680 7932 4974 5040 17 7673 3073 3162 7689 3769 9077 2287 8534 9099 2705 6863 7629 7786 4563 4694 6315 1728 9645 9331 6091 705 7698 8260 7353 3910 7092 3629 3089 8376 4615
57 87 9071 3834 706 6994 576 2770 256 9058 5863 2037 7332 4763 3070 9945 8367 7358 1800 846 5694 2667 6189 8285 5457 6100 4658 9169 2778 3697 5058 6673 682 1417 7889 9815 1367 4885 8948 3511 3641 2834 5053 9358 7624 120 1369 9603 306 2934 1333 6018 992 4834 766 3480 9473 5867
73 1460 8233 2447 3264 5789 1861 3117 4660 1339 8169 6248 6960 105 1819 7778 395 3963 8755 789 6482 548 942 170 5349 1429 5888 7557 6767 1441 1127 252 4609 2469 4132 7572 8785 8678 693 7062 6843 9350 3896 5595 1864 6419 5547 8025 719 4650 1016 7702 4005 7327 713 4940 1522 4046 6660 4024 4363 5503 4947 19 5424 4207 7130 6891 2033 6709 729 8916 4591 3664
63 1629 5607 8409 5615 8032 1576 5230 973 5802 1476 7360 6542 6475 2837 8617 4750 839 991 2681 9807 7374 2784 8444 1755 158 5699 5256 3237 9664 8968 8039 2423 6906 7267 6044 183 2763 7101 3950 5097 8438 8118 7939 7697 3727 9093 3140 7031 4070 5246 7596 2622 7313 2487 3682 2810 5760 9291 3446 4991 7300 8017 2455
53 7694 2476 7498 3377 5203 699 6647 1287 471 5094 9577 1426 7704 9027 8503 5900 8768 9425 910 3695 4702 9597 4447 432 4824 9711 7879 9817 8106 440 6971 4032 1487 6587 1210 4798 7644 6224 1452 5574 510 9442 1027 437 5811 7658 9126 3290 7312 1534 1592 8439 8593
61 4672 3812 993 2652 8542 5337 3353 4063 1583 3932 7149 5704 2594 1996 7455 1618 1747 4984 9943 7736 3345 7235 3170 326 337 8045 4716 5127 823 8563 5379 2203 7868 9011 5627 3026 477 552 5350 7318 273 22 5046 2612 4444 7925 7335 818 6618 7794 6413 5741 5340 4010 7510 9346 8198 7577 9417 7322 2797
54 390 537 2194 4935 7785 8833 1829 9299 7649 8024 291 5919 1277 5134 5584 7998 7610 4537 1637 8572 0 2227 3596 3413 6634 8838 2030 1908 1579 2095 1007 5721 4918 7016 8736 5437 2380 9569 1041 4182 4330 4710 2584 1448 2655 1513 3002 5751 9863 1904 4869 2357 8325 953
