19 296 212 286 246 136 227 273 245 224 174 204 209 195 235 45 98 288 154 151
20 216 103 260 285 198 188 172 244 243 197 147 90 201 112 265 176 231 97 208 149
22 180 110 134 276 218 263 200 226 39 29 217 295 121 114 93 139 219 242 206 189 173 175
24 167 275 294 159 193 95 18 129 91 281 239 158 253 177 76 48 248 35 223 252 279 272 211 77
23 168 108 148 220 290 125 60 96 128 241 157 298 73 119 205 289 297 262 240 178 278 132 183
19 116 85 203 127 144 213 277 214 185 146 160 283 287 199 196 251 186 233 257
24 36 88 162 161 137 225 261 79 232 282 222 202 207 237 269 101 131 255 292 280 256 270 143 169
22 0 249 80 259 133 187 267 156 284 271 170 163 140 138 291 20 266 192 228 71 293 247
0
0
0
0
0
0
0
0
0
0
0
0
0
0
0
0
0
0
0
0
0
0
0
0
0
0
0
0
0
0
0
0
0
0
0
0
0
0
0
0
0
0
0
0
0
0
0
0
0
0
0
0
0
0
0
0
0
0
0
0
0
0
0
0
0
0
0
0
0
0
0
0
0
0
0
0
0
0
0
0
0
0
0
0
0
0
0
0
0
0
0
0
