25 9861 2163 4494 8440 6265 49 6168 8282 7650 6912 1229 4221 7872 1525 2403 8783 6515 4997 8794 8089 5327 8815 322 9370 1261
73 9832 6808 2156 5837 405 5952 446 1818 3987 3932 3582 9123 1465 2137 8108 6027 9599 1340 499 2489 1127 8876 7038 3683 9883 9093 9690 7473 1622 4374 2255 8335 6581 8435 6388 6063 9 4551 6156 8422 5268 4378 4838 8210 4118 2792 9156 4572 9337 7826 9125 4225 2816 7454 9369 8888 6548 4613 3542 4150 4608 6916 9863 9320 9064 7843 4422 8548 8268 2215 6865 1665 2507
70 9738 1048 2091 1831 6425 3701 7394 5237 1675 5826 4200 9761 3118 1236 8865 7239 8365 2136 1167 5757 8904 4396 2457 5059 2547 6252 9092 2276 2314 710 1642 9455 5220 6692 9344 3896 7556 8168 4125 7221 2663 6045 3615 5708 9944 5164 4206 5623 3497 7274 7140 2190 5319 3977 2865 5728 6086 2559 4646 5391 7991 8164 6637 3289 2716 5489 2925 2157 1868 7690
71 9670 102 9282 3288 2496 6600 3643 8120 6509 9129 3405 5251 397 4903 3033 630 9898 7240 1549 3678 1248 5397 4856 2725 9087 5309 9677 3020 5890 7072 9464 1188 4918 4633 3753 5652 7499 6384 6334 2445 5003 6487 1710 8199 4879 9897 7825 8930 3140 8923 3561 6840 9623 6541 3224 2437 6076 9253 6761 6356 2094 2572 5650 3583 7900 7861 9829 2969 7654 8816 5738
2 9475 1574
2 9151 4466
61 9058 395 9740 3533 5492 1066 2228 2640 2965 2966 653 4942 2609 8494 5506 6547 7163 8874 9203 8309 1096 8652 9545 1915 8801 4430 9287 3807 2632 5027 1353 7184 3616 9098 8972 8837 5464 3408 4860 8459 2592 3915 6803 3597 3874 3053 8451 8965 5521 7453 7125 7923 7152 978 7246 2143 5481 5717 9607 4418 3642
66 9053 6603 9248 612 1365 7402 928 3698 5387 5696 9382 2147 5144 5525 2053 132 690 5170 2679 1895 2832 9885 2689 6472 8944 9067 9839 5550 2643 4906 8591 8332 6471 7739 3461 6904 9122 6350 8139 8319 8702 6124 3327 1652 4359 7070 8705 7821 6126 7182 8456 3994 3996 3135 5764 9633 8979 5398 9987 3138 8619 8387 2956 6017 5674 2338
2 9191 175
62 9822 78 929 9157 1425 4757 1036 9304 422 9816 9937 7488 473 745 7441 1302 177 9289 5704 3989 5297 5311 8808 3315 3631 2355 92 7549 603 4420 5135 1636 3674 6968 3418 7834 6050 2700 8563 6685 6949 5754 6641 8173 3689 8065 5792 8716 8308 7354 7647 5936 1454 7677 4346 5859 9383 5591 3038 3444 2791 9307
68 9392 5057 3240 1130 2864 7235 8977 2715 5553 4442 1608 837 7773 3267 2057 4486 5228 9485 8478 5302 6750 5700 1301 6690 3794 7352 3035 6999 6693 3454 1034 832 6508 863 6006 2981 5202 3211 9283 8129 2757 2593 4406 8900 8495 4475 4399 4837 4405 7634 4233 8361 9132 8359 9972 3688 8192 8606 4664 4138 9285 1975 8658 4827 4940 2532 2957 2296
61 9581 5777 1599 27 2583 4751 6635 9632 3462 7867 4123 678 15 1138 8746 5353 1784 2331 3465 3882 1620 6523 1545 4204 7950 8191 5442 8939 1097 954 1829 4617 8254 2300 4819 3576 8720 6938 1702 6775 4987 4806 4606 7904 9449 8449 5155 7101 7486 5342 3098 6709 8935 2703 892 3457 1967 1327 2809 4625 8009
67 9351 746 2146 7186 9243 3681 336 4458 2472 5109 9120 8820 931 4001 2279 6731 4722 7028 3203 6470 9990 4938 9220 6277 5023 5781 4818 8159 6849 5766 510 71 4511 6137 9694 231 1452 4277 4312 4340 5485 9066 7437 6725 5123 7064 4861 5431 8767 7504 7571 6608 6144 7469 8905 4485 4468 6569 4416 2211 2709 5685 9573 5418 3554 4916 3227
68 9145 6229 2563 3025 4794 3460 3579 6475 2 9019 1745 9033 6313 5783 6262 6816 8609 7054 6286 8423 7405 1081 6824 6666 2097 9720 9110 3825 9993 5169 7958 5352 4147 909 3759 2534 5152 8901 6846 4883 8276 9295 4094 5131 6058 6127 4686 9386 6372 5807 7530 3087 8853 7461 8690 2778 4366 6222 1580 2275 990 9586 3072 6496 7322 6055 7652 5885
69 9141 1833 3076 3775 9460 9441 1924 563 6889 1398 5999 7177 1985 2394 4858 9407 9439 107 1194 3100 980 5090 1532 3835 5592 3431 1867 1045 527 3095 4919 5450 7112 3894 1552 1517 4335 6521 3639 3043 8847 2043 8171 7141 6232 9401 4770 5625 7971 4102 8280 2621 9849 2732 8203 4531 8343 2862 6013 6783 9030 9474 9869 7470 6737 4235 5988 1635 4964
68 9106 9925 2766 6785 3972 7380 5031 7253 9884 6237 4655 2746 4739 7607 4703 8111 939 7227 2950 3430 9733 8040 5490 8131 4497 6651 1389 1920 3284 5080 5817 5993 9411 1146 9716 3344 7909 9297 8158 1828 3329 1625 4719 3372 6064 3566 1992 7627 8069 2222 4968 2503 9602 6799 4907 4042 1682 7705 6169 3663 4592 7371 1727 5915 6974 3080 2719 4188
66 8980 1187 7205 5467 5503 910 5113 2512 1275 8841 7084 9640 949 1055 9803 9394 4478 7748 2983 9531 4432 2320 7815 1643 3507 1182 5395 8691 3368 9501 4045 9217 3801 8135 5577 6539 6492 4164 6760 1654 3244 8331 5078 9746 4491 4216 7198 2159 4013 2210 5011 5776 4326 4993 2302 3527 4381 5196 3274 4895 3101 6320 4866 3913 4419 7021
29 8854 2378 1377 8568 7395 4951 5476 2858 9219 3954 4476 5020 721 4639 3847 2258 3019 9223 80 5390 1802 468 3508 4201 8008 6976 8507 5200 7001
65 8450 2265 1568 596 553 1491 7358 6864 9286 9150 7625 8439 3283 2912 6500 1689 2774 9182 9240 7869 8723 925 7610 6138 7195 9728 8144 2408 2033 133 5664 2645 2730 2010 1830 4373 5409 5026 6078 6768 8321 2886 7093 9316 8161 3788 4668 6019 2486 6679 4848 7619 3424 7505 3842 1628 9705 8376 8750 8487 5928 4516 9555 9354 8618
74 8103 1717 3145 3384 3171 9747 5077 40 3476 9785 7416 3391 2358 9773 1076 704 8569 1998 3830 4452 8460 841 3675 2511 615 6263 6856 1435 7531 5000 1742 6085 9311 3893 680 580 8378 7012 8475 1409 3067 7159 4106 2407 3056 9726 9676 7624 5444 9512 7797 2880 5607 8474 9789 8739 7714 2360 3729 5294 1728 7411 3936 7738 3355 4224 3467 8744 8768 8683 6179 7134 8694 2436
29 8725 1577 9561 4060 5475 6595 854 4802 9128 7707 7232 4152 4355 1095 1131 5435 7359 8264 3654 789 7664 1683 5906 3506 4101 5998 8721 5417 3629
2 8033 526
63 7849 7576 9360 4796 4057 1285 8851 69 4824 2747 3610 1787 4093 8727 9622 674 8389 1767 4289 2071 7415 8877 4941 4223 2020 3314 2900 5600 7104 2683 2970 2982 8688 8599 8773 4244 3109 7292 4010 2754 8230 6555 9271 6514 2628 7113 2934 7687 8179 2545 2434 2885 2627 1449 9244 9723 7966 8298 4556 6142 5561 8696 7492
65 8141 602 5233 4989 2241 4807 4808 26 1410 9592 3396 2239 1260 5436 7286 2058 8933 3644 6393 4185 1306 2001 1307 7955 7847 9760 5480 2887 2539 3488 9250 7321 2413 2617 8348 3463 5978 5730 8996 5755 2341 1906 7040 6958 8947 7646 1733 7535 6070 5715 5085 7520 2964 8533 2731 9947 6573 8024 1150 3381 3918 2267 9404 7756 1199
69 8172 5500 8183 2202 9743 6778 9891 6459 1267 2212 1257 4393 970 8756 5863 9235 6295 1485 2207 3320 9056 4153 2100 4136 8824 7459 4382 7612 1029 3220 5767 5270 4488 4072 6565 8200 6306 2945 2327 2299 4706 3737 3945 6199 4711 7786 4022 4744 3864 3823 9486 9433 8045 5101 9034 3588 8219 7386 1428 4197 3758 6371 3633 3159 5007 6656 2587 5486 8636
66 8598 4974 816 7494 9037 6151 9227 9522 3914 9606 3306 5400 1631 9590 1677 8375 1243 5759 9172 383 9327 4500 6847 4888 8894 5279 1880 310 5869 428 8142 4448 1504 9588 6998 4727 9999 5688 6288 7079 6792 6827 4894 9230 9137 8301 4709 6071 7954 3294 1966 5190 7360 4039 8363 3157 2819 5569 2706 3328 4699 8928 5002 7886 7820 592
64 8044 7735 6668 8447 328 4773 7581 2384 9702 9612 2168 8701 6125 8992 7327 8968 2687 8793 8004 6296 6606 7305 5964 7188 741 4428 8752 2354 9381 5104 6438 3213 4843 2564 6649 9534 7023 9730 3248 2662 8580 5421 7814 2773 4563 3593 6101 9061 3165 9637 4510 5359 3859 4615 1396 9113 5618 1607 9650 4708 8631 7911 3952 819
5 8078 8724 1492 3551 1437
70 8858 9543 7382 6770 7448 5136 8166 7458 8464 7543 5148 3411 2873 5229 5744 4313 2129 3486 9380 74 5301 4370 1193 5407 7268 8258 3364 7122 7935 4456 6213 3543 5782 2903 2759 2939 4855 7238 8926 4139 2888 3599 6204 5487 6628 6494 4654 2118 8056 5636 7366 2676 6095 8102 8202 7498 7019 7595 3459 4367 3938 1474 5231 5526 3148 5948 6271 6542 9163 6216
5 9180 2672 4107 5383 8432
1 9601
64 8544 9742 7179 5008 9942 1704 9940 9039 5668 9754 1250 7621 5912 2918 6437 4950 7675 5253 7931 8486 1304 5142 5121 4822 4064 7706 1460 3310 228 1962 2811 5833 4943 3963 4421 5982 6807 5242 9653 4609 5038 5655 6195 9005 5099 4285 3032 3725 6342 9374 9948 9978 4884 1786 7106 3796 6029 2291 8589 9349 4923 7315 7063 9138
28 7851 9488 6557 3169 687 2693 1520 4219 4529 3380 3347 3836 5796 1412 513 6057 800 7660 4247 4110 4638 1749 7071 7108 6773 2044 4402 8426
30 7833 3511 8502 5336 5245 8952 7309 6699 2042 2195 5968 2144 4636 3049 8634 2673 308 6994 6744 4953 2179 6331 7105 7450 6609 4130 2891 5770 5834 4410
31 7674 1472 8961 7216 6610 1746 5865 4803 2599 9416 5585 1220 6348 6844 147 8093 2591 760 2794 1012 4190 3167 363 3565 7503 4533 2913 778 9466 4132 9414
71 7678 4065 724 7229 2198 6347 2442 9646 429 3064 4436 3367 7845 408 4495 8957 8201 6112 2674 2728 1836 8687 5235 1555 6037 7472 3546 6354 4515 3131 2878 7589 4423 918 1482 8560 3747 9232 2287 9292 5479 4496 8196 6326 3371 9867 9473 6571 3282 6984 5620 8806 7303 4484 4210 3438 3112 3687 3015 9679 7166 6041 9164 7852 2400 8062 9330 8932 5269 4901 960
29 7782 6330 4349 4392 4259 4503 3333 659 8872 2186 4697 6753 163 971 2770 7878 5396 9495 5439 7755 3340 51 5547 7536 4443 8294 8769 9309 799
65 7643 1764 9727 2803 4754 5213 5794 667 3866 2141 3455 4227 171 53 1674 7605 3871 5639 9848 5496 7580 2061 4559 3313 7036 8862 5304 8189 7941 2833 5306 7043 8883 8601 3271 5565 4027 6850 7881 8587 5357 4056 5463 8692 2449 5722 2172 6855 4324 7339 8169 4733 3352 6324 5459 6327 5907 5032 8272 7938 1184 8402 4585 5473 3767
67 7318 3236 5147 2351 5334 7695 4870 1148 3350 4050 3557 879 6379 2346 3479 3854 9892 1149 8812 943 8182 7097 8988 59 4544 9654 6449 2852 109 924 3974 5909 4371 7199 9876 2193 9830 5880 8414 8480 8269 9017 7433 7083 3916 1649 8473 3189 7302 4537 7659 9977 7523 8555 6745 3940 8660 891 8953 8916 8891 3589 2371 4339 2007 1851 1212
65 7320 1386 1204 4246 548 9361 2777 6003 170 6102 2430 684 1165 5682 6105 851 4487 4205 8322 5369 5900 1259 5055 5597 1516 2924 2184 7056 7388 7682 6716 1667 6624 6048 7558 9264 6758 5899 8119 2684 6120 1471 9429 2827 9000 3964 6880 5364 6089 4620 7902 8929 2751 6022 2248 8637 7791 3406 6074 5844 2075 4881 6279 3386 7326
70 7277 993 2648 7606 5846 5966 747 7230 1505 3845 7249 9462 9909 2782 93 5457 1420 2064 6160 5403 2799 7484 2030 6574 8284 2935 3290 4379 3795 8115 9845 7973 4748 9091 3692 9196 8373 3073 6802 4555 5806 6724 2690 7133 6967 3255 5923 7640 4928 3935 2861 4073 8411 8427 6241 8302 4108 2109 2533 6818 1762 6901 9828 9398 3985 2119 8585 5257 4037 2217
32 7245 8267 9826 4543 281 1037 7922 540 7279 2767 2353 7790 6464 4694 1344 5850 4672 3195 3905 4413 4641 194 3262 8245 3986 7076 3846 2699 3635 8938 7150 8963
68 7138 570 6021 7175 726 8170 9131 5134 4717 8438 6973 3177 4834 9096 8418 5052 6099 8454 7369 5772 4017 4931 5071 8689 2931 5533 3563 7370 237 3415 8185 8015 9902 7491 6426 8362 8942 6786 5648 7206 7733 2200 6110 1623 1955 7783 8403 5362 3052 8809 7391 3413 2363 4176 6602 2784 6077 3214 1815 5805 2329 7553 4354 4540 9995 5470 4821 7502
66 7136 9858 1539 8835 188 2916 4006 7744 9669 6073 9678 1276 610 43 9795 7561 8517 3770 4325 3304 7330 5314 6705 9983 5818 1919 4825 5579 3011 3730 3393 7346 9923 4213 3525 4434 9560 6403 7438 9426 7570 1941 5980 3539 3007 3475 5094 3924 5143 8428 9318 4296 3154 4783 8542 8810 7807 4702 2105 4600 8501 6442 1533 2456 6596 5208
67 6428 660 2765 8128 9820 8934 8919 8052 9636 4622 6444 1575 6985 899 5167 1222 4395 7338 380 4630 5975 4785 3229 9976 9090 9502 5292 3834 1144 5691 6182 3377 3942 5006 3723 6166 8860 6953 8519 6905 7189 5150 1613 5605 6132 3296 8091 1945 6477 4462 7658 9101 5575 3706 9766 2104 1859 8409 8731 7002 1615 2467 2530 9827 3634 3517 6172
1 6975
71 7080 2636 773 8339 8971 3640 8003 961 6407 8445 4005 7957 5360 3783 5188 1009 4472 6738 6162 9425 5074 4158 1980 8511 9368 7863 2826 8611 5852 2859 8482 9736 4779 7431 9609 9421 9617 3662 5741 4054 2245 2227 3378 8671 3549 6777 6270 1844 5283 2605 8863 6116 5992 8010 4209 8763 6103 9523 4360 9962 7746 6181 6068 7435 2067 9645 5897 7718 4789 4275 1363
72 6933 666 9692 6683 9913 8903 5938 1983 350 1499 8936 8584 7952 4627 2298 3741 7379 3489 4465 4545 9554 5355 597 8466 4898 3280 7672 9703 1000 9007 2877 6010 3251 9118 9002 2845 7831 4148 3657 9852 6861 9674 5422 1973 9922 4372 9294 8457 9026 6923 8557 9722 6420 5305 6209 6887 3219 6688 5173 8247 8712 5633 9535 8416 2385 6776 1313 5779 4097 4871 1596 2894
33 7653 558 9054 9992 4660 8503 460 8261 1554 3266 7980 167 3949 8790 7110 5303 2409 5223 4589 7142 7993 4263 8483 2955 413 7257 4732 9704 4002 9179 5118 5874 3321
67 8786 8644 994 4878 2785 2069 5965 7060 1175 6284 5724 6123 7637 9229 7513 3558 6978 9338 1609 734 9634 8617 6862 5701 301 6510 6352 2790 2675 2973 8864 5606 8762 6282 2125 6930 6726 7514 4059 2425 4780 4389 1523 9511 6020 6285 6896 7874 7599 9834 7913 3526 8157 7567 4265 2824 4222 7517 7521 4947 9003 6332 6240 3059 1551 6511 4644
2 6885 5062
67 6812 6956 5326 5939 4797 5197 8143 8566 9966 4607 5226 8884 515 5714 1203 1342 5875 6436 8541 2843 6268 3166 6531 3925 9529 2928 9051 6728 3622 9844 1294 5504 7058 1451 7053 4934 7750 4509 3359 4648 3046 5617 6695 4763 8800 9965 7940 3749 9114 6852 9631 9004 4681 2962 1834 1527 7413 5809 6159 6755 8353 6498 3403 1991 1778 6301 4347
68 6781 7914 5798 4501 8364 6729 6888 7694 3560 3295 4249 1855 9963 232 5683 9961 5138 117 3299 1759 5278 3481 1082 3850 2735 6287 1889 1548 7059 7560 4992 986 7809 7258 7948 4157 7853 8610 8175 8242 3740 6512 5399 4305 8156 3638 6957 6043 6987 7255 6243 6047 9402 9610 5243 4036 3559 3081 5615 8567 8749 6506 7726 8225 7850 5877 9873 2623
66 6613 7662 2698 846 7787 554 6294 6935 4896 9408 1059 3323 7992 5313 9302 2301 6859 9571 4642 5296 9267 7390 204 257 5350 3797 5404 7554 5332 4215 6908 2165 9334 2424 3786 9668 1783 4955 4033 5539 9046 9998 5060 8016 8138 2460 4159 6894 8048 4220 7269 9048 6903 8075 9819 2376 9124 6251 8117 4840 6673 4890 2594 3530 9941 7917
35 6599 187 3590 3756 5097 3179 9868 9568 3903 8130 1053 7519 7769 1795 3733 4817 740 3091 2637 541 4809 2499 9415 8458 5293 2176 7651 6800 4657 2426 1206 3356 5024 8512 7884
2 6440 577
62 6261 4071 2996 2297 766 7439 736 5534 1197 2051 6211 1994 5619 8831 6522 8256 6550 8638 9178 4679 8760 7727 7068 2548 4100 9300 6811 3390 3806 3054 2342 4332 7069 5924 2475 2387 9513 5614 6249 2625 7732 9693 6549 4508 9574 7263 8287 6899 8811 5560 3943 1594 6533 1266 4981 3207 3308 3024 1323 2431 7533 7774
2 6198 295
68 6430 7822 2517 9031 4066 3911 5917 6463 3659 2570 4400 4144 1016 8575 7381 6779 941 8532 9725 4083 7629 472 5119 9562 1493 2178 4266 8821 916 3981 8334 4925 4813 3889 8124 9673 9483 3102 7273 7181 9174 6939 8367 4911 7283 9396 7780 5165 3097 5663 4859 1902 8836 8788 6713 8994 6490 3760 4384 7817 5432 9968 8583 7608 2134 7460 6835 341
71 6507 8090 8579 275 3119 1339 1816 61 3919 5310 3811 5244 4156 9322 1293 4252 7719 319 8897 6652 4758 4640 5502 3865 9818 5603 4990 2062 1214 9651 1489 1544 3010 1223 8140 5214 8031 8295 8370 2972 6877 8116 8866 2521 3222 7262 6900 2898 2045 8704 3617 3270 7736 3862 2074 9193 8985 7306 2491 3800 2498 7100 6303 2789 8037 5021 9782 4771 9770 6588 7527
67 6570 8097 1753 7855 1038 314 915 1779 7982 1417 8540 3620 4250 6242 7086 8754 771 9183 8249 6944 8627 2175 3532 420 886 4293 6238 8106 9222 8775 8384 2056 8149 8338 5477 8732 5594 3837 9077 2219 5628 9509 9162 9432 6529 7446 5414 2035 9715 5872 7987 5341 4790 5016 8554 6408 8708 7463 6447 4680 3958 3645 6235 9838 9510 6576 6627
65 6340 3815 8121 1060 7397 8565 5115 968 6620 4560 9790 2236 5210 4730 6221 9477 1440 6409 6312 1326 9442 4542 373 9970 7776 2760 7928 6434 545 223 6719 2235 8925 7077 2817 9796 4424 5737 2714 3869 2216 1910 4604 6875 2362 2023 3965 7945 8467 5710 8789 3002 7440 6838 9025 1543 2712 5285 3840 1010 4526 2249 9343 1508 3399
65 6130 4473 750 2090 839 9635 4769 8778 3950 3331 4573 605 1969 7865 385 9272 7541 2797 4348 1477 987 4241 8623 4168 2122 3434 715 6025 1972 3449 406 1936 5075 5947 4637 8550 6837 9810 2315 4522 5567 3552 2492 2029 8113 7041 3485 2458 4253 8405 4242 6801 6858 4505 8685 4407 1714 6867 5849 7729 5970 2850 4685 1946 2497
70 6056 3363 7313 5130 5149 1531 450 3260 5815 9378 9836 5117 3536 4018 338 7203 4183 1592 1770 1368 8463 3745 8528 5802 6872 1431 4833 9812 4774 2116 4612 855 4294 2761 7344 1358 6072 5971 8999 3567 8461 6400 2488 1640 2974 8086 7685 4203 9265 8676 3673 6917 3586 2612 3841 8527 3239 2938 5870 5548 9080 3083 1105 8978 6189 6955 2810 3107 9478 7414
4 5959 7883 3210 2795
67 5876 2586 4661 2381 6488 6796 5721 1192 9699 3682 273 780 5713 9241 4278 606 7800 9406 9393 5159 7597 290 594 9500 9689 2050 798 8448 5830 865 9068 1761 3828 1249 7044 8051 3961 6106 5248 4557 6946 6039 9706 6527 7479 7956 4939 3787 1949 8163 8485 9508 9022 6339 6832 2203 9912 5747 9927 9904 1891 2380 6217 6650 2016 9837 5255
67 5832 5354 4980 9136 3833 8870 6959 6664 9459 5128 9130 2048 6283 9752 9625 4314 35 4514 91 5596 4134 1882 3724 2132 7304 8325 8358 8067 4440 8350 8844 2066 858 7712 1879 9008 3941 9024 9877 5731 7630 4570 3293 2910 9266 5750 4886 6023 5563 6131 9682 8126 4463 7480 4038 7618 2257 2844 3014 4580 5734 5161 1464 5635 8360 5284 3570
71 6096 5919 7901 4260 3720 9447 534 3630 5898 6250 4480 3524 9621 2013 4175 908 5166 2375 4116 2433 2613 3715 1219 3212 8206 7409 3743 6672 4021 1166 6882 1698 6143 6945 3944 3028 2882 2872 3250 6644 3799 5541 2484 8420 1565 9518 6140 5697 6870 8212 4041 6066 5358 9950 2694 8802 7644 2261 5261 3988 6203 7731 3197 3030 9786 6810 3188 2611 3748 5723 6422
68 5634 2711 7511 6245 2418 9685 6092 6756 9627 7144 294 3332 9955 9565 8920 6979 2525 1602 2538 4292 6357 7209 7284 9089 2040 8552 1436 9303 1091 8038 9256 1308 5804 9616 2283 6594 7898 5958 3068 7585 6526 5931 5853 3976 5338 4554 9663 3230 4755 9859 6355 7197 5624 6619 9032 2976 6828 3354 6308 1629 5092 7837 3970 4791 3769 1954 9558 7368
33 5604 9215 957 6497 8177 656 2557 144 2459 4034 4386 4629 5949 7430 8651 7361 8442 5446 174 927 7483 3156 7671 465 6233 6188 8330 6707 9964 8604 1933 8661 5198
69 5482 9594 1573 286 6062 2332 2000 6046 3099 7890 7109 5598 6869 1715 5542 8991 9494 6676 2771 7981 5176 2303 9339 7374 9919 9575 4028 1395 7596 7443 2121 2589 4161 1968 8761 7088 4120 3888 2077 5356 5076 6621 4946 4493 4752 1624 4786 3550 9171 6568 2958 2366 7562 3676 4912 7073 8323 5819 4905 4196 9143 8516 7741 6881 9580 5029 6598 3808 7417
70 5835 1641 5645 4671 1271 2554 8286 5462 7698 5349 6374 3139 9629 238 9504 6703 4282 250 2450 3182 1707 2917 8274 9870 6276 2552 1011 8369 3191 6954 1085 8666 8007 9959 7586 1706 6743 3897 6111 2462 4149 5295 7808 4085 2899 1763 4451 4826 4439 9028 7669 9331 6723 5300 3084 2282 7457 7332 4666 4271 6972 8895 9916 1295 9161 6680 5410 2565 4915 870
65 5588 7633 8896 1062 3258 7529 479 6363 6150 8234 8714 2992 2106 7944 5424 2410 7592 8398 437 4363 9420 5904 6210 4687 1585 8855 115 259 6298 729 4417 1458 8882 1535 9047 9427 9103 8313 6443 7762 6691 8662 5929 6107 6194 7017 6254 5019 3257 6911 3713 3998 4061 5864 2866 3993 7478 3962 7008 9152 7697 8167 8114 8465 2518
62 5455 654 1938 2086 4338 5653 3383 2263 4917 1152 8615 2401 8421 6049 7910 2242 2232 1541 9994 4031 111 3637 6171 3670 8907 5811 76 5497 5854 2657 8109 2739 6100 8355 6380 5662 5187 4470 6712 4162 2270 8984 9783 5139 3900 6108 9399 7501 5381 5380 7601 3493 5110 8068 9613 4274 9767 5960 5513 4594 8670 9895
29 5266 7995 6982 4166 5209 8017 1976 9984 7323 1758 2049 8663 5318 9537 1865 7880 3480 6535 1120 8603 4726 3362 9593 7423 2656 1319 8035 4930 7288
31 5371 4398 8184 4922 2335 8415 1670 1205 5247 1756 6790 9428 2339 9489 3703 4069 8239 4621 4734 5512 3037 4194 5434 8150 5035 5175 7906 1724 8892 3456 1102
74 5260 4960 2652 8607 3704 8207 2330 9202 108 5153 5895 6275 3623 6995 9719 3186 2359 6710 4231 883 3651 2853 4575 3500 576 1680 6820 5420 1709 5661 116 1459 600 1418 5093 1494 5716 9359 2549 4839 3370 6223 8401 6940 3231 9528 7563 9875 3337 3077 8656 5494 9275 9086 9146 2102 6771 3498 5445 3426 5232 3614 7121 5725 7050 7951 3057 9731 9866 4963 2879 9192 5707 2980
29 3353 9111 5030 7297 9791 6640 5345 2876 1700 1124 2253 4126 2036 2519 5224 7870 4394 1299 3984 8518 4079 9317 2243 9842 9012 7009 9187 2520 7532
72 4467 1813 2830 3209 8472 3693 2005 7219 3951 1325 4715 3702 8277 309 3537 393 8050 320 6817 926 3711 2415 6708 3078 4921 9029 1023 9655 239 3685 3778 2576 8675 1170 7844 3920 5695 4280 8190 6991 3927 5013 2806 2333 6759 7027 9749 6604 5111 7226 4234 9638 3980 1982 4362 7799 4741 5515 8306 1930 7164 1227 6358 5256 4518 2516 2807 6639 2213 4875 4977 9212
64 4611 9960 9038 7343 9104 3471 5529 6402 2506 9515 2201 1923 9165 7087 4597 4350 2238 3420 8349 2233 7468 7455 3545 8318 3603 6454 7830 4376 6386 2390 4713 8255 1507 9996 7033 7763 9794 8975 6079 8310 7231 3276 9920 5103 5641 6937 3206 7657 8252 3577 8088 8084 5629 7094 7508 1393 6495 5926 3168 4461 1473 7841 7568 1298
34 4891 4764 862 8152 8399 7173 5675 8717 817 1597 3009 8910 9391 4302 2642 365 3625 8911 8645 4003 8680 5843 4958 1872 7767 4401 1908 7766 384 5803 709 4425 5367 339
72 5254 8407 280 5944 476 5889 1021 5914 6655 1100 2304 8950 291 3164 7728 3722 216 5125 996 9648 743 1839 4864 6711 5222 4857 5036 9412 8222 6585 1371 3435 387 8020 4090 6026 7276 9326 1664 3672 2631 8960 2653 6466 7813 3325 1656 7832 3773 2650 7067 6468 8181 4308 6290 8962 3374 2856 7717 2927 9576 6784 9563 4695 2902 1916 6524 4962 3857 8898 3375 6906
66 4967 8595 8394 5608 1956 227 3501 3618 9042 5483 3762 8074 5829 6677 1681 6485 7016 8381 8913 7988 8328 9975 8000 3018 550 6084 6364 2513 4383 7432 5137 7340 8278 4546 9261 3034 5752 7075 6362 9400 8498 5643 4482 9487 2702 6054 8674 4778 9142 3843 9062 9210 9605 5518 8188 5665 6431 4798 9934 2170 7804 7319 7934 7066 3334 7899
1 4904
73 4172 4804 1466 8299 7781 9589 8386 8850 9787 5669 6961 8906 3764 8765 6322 7974 489 2622 1593 956 8572 2021 4193 3215 6584 1083 6256 9771 4178 9482 5124 4873 2124 9249 3241 3695 1744 7623 2893 7233 8490 2348 3470 3047 4800 5056 4541 7476 3031 5458 7959 5469 8570 8664 3624 8951 9167 3447 4850 4255 7683 2398 7711 5527 1881 7968 3697 6513 4897 2561 1690 5033 2994
61 4182 1660 2550 3181 8543 4169 5129 6117 2736 6910 5423 5066 6966 7842 236 8564 6643 3997 8673 8506 9149 1032 1269 392 8677 9247 1292 907 3849 8390 4343 6749 3446 9552 6450 3853 3129 5287 9717 5419 7425 5986 9083 3029 8729 5814 2438 5221 7754 8955 2990 2311 3959 5787 2544 6094 3366 8514 8479 4747 6405
29 4523 6392 4049 3104 8730 811 7611 4099 9804 4966 906 2535 2555 9258 6292 6452 8178 7526 1258 888 8840 7401 4647 6191 7525 6098 8231 6809 4583
1 4115
66 4119 671 2191 8504 7984 2365 8481 6493 3172 2145 6351 6000 629 8937 5706 930 6267 7840 6971 4521 2624 1020 7670 8253 7334 1444 4284 9372 5259 6951 1621 7919 5800 7692 8095 6607 8614 7889 2411 2070 4070 2453 8608 3690 9237 3738 9926 9313 8508 3861 9036 5225 2483 6053 9065 4961 5882 9579 9422 8743 8290 3202 4345 3829 9556 2367
3 4114 9155 8246
65 3883 9872 7006 551 2524 2012 6032 7151 4195 9263 7180 3318 2439 3090 7915 4692 6874 3429 848 5568 1074 5501 3298 1402 2923 9228 1490 5848 3199 9185 6836 1892 9177 7587 7102 6451 2256 4814 6518 8333 8041 1736 7314 4991 6381 3342 3809 7444 8209 3309 2089 9108 3910 6317 7524 8779 2422 1470 2523 5667 8640 3062 3870 7348 4576
61 3636 3233 8669 1312 3534 7329 7648 2252 8699 1737 1241 504 6280 1198 3272 150 8828 5570 8993 6567 3487 4262 2068 9857 1589 292 1244 2014 3585 9800 1401 1662 9390 2869 5378 3409 2290 7999 2929 8643 8868 4301 6346 4932 5089 4173 6560 2905 9881 4287 6833 6532 2942 4352 8317 2670 7921 2668 7908 4978 6090
63 3660 6424 7256 9764 8406 1734 5903 8969 2482 2971 7699 1024 3291 5448 4718 791 2840 33 4566 9437 8441 4457 4577 5474 3105 3863 2502 529 2262 8989 7620 1847 3700 3441 1726 2006 8283 7564 7155 5199 7217 3790 1376 2726 8098 7506 8340 4029 6370 1989 5217 3699 9661 3351 7119 6717 9642 5276 3931 8941 7805 6480 9204
1 3873
1 3592
1 3709
1 3766
4 3831 2417 90 7487
73 3922 9211 7642 7337 6154 5756 9584 4944 7636 8890 6445 3992 8693 4677 1441 9989 2748 9943 8263 6562 9954 4736 356 1852 4665 1647 3392 2325 4316 140 8605 9769 7663 6457 5820 6414 4167 5095 9197 2821 7737 7591 4865 7410 7635 7961 4357 6528 6193 2515 6004 6081 4024 4569 5316 5709 5657 6769 7342 6011 1958 4228 9148 2501 8776 2959 1288 5372 8132 2901 3529 3021 6804
1 3516
67 3448 962 5552 625 9443 6671 7569 3027 3316 2244 5855 2752 8162 663 5478 5857 9585 9315 4356 8914 3544 4885 4055 5382 8147 5096 7645 1172 2495 5162 6941 6114 861 922 8341 6742 8578 5505 9209 8028 5493 9551 2420 8054 4441 9269 9102 8030 7827 5824 9945 3655 2454 9924 5812 1981 4973 9347 6397 5774 1027 8412 2386 6173 2155 6164 6014
72 3425 6845 377 3492 7222 3772 4507 7335 2169 9899 7603 3412 2221 3731 703 9238 7777 4550 3192 7202 4229 974 5238 4431 7345 1630 4565 334 7007 7312 805 8279 3477 5842 2508 4112 4240 2727 3805 3085 7848 3754 7510 4618 5920 2490 3792 8600 9843 5544 8382 4971 2669 4426 8556 6040 6248 2214 6415 4517 5559 6798 4237 3719 8374 8187 3956 2493 6390 8307 3531 8799
66 3190 5465 5325 436 5041 4994 191 487 7864 7798 7976 4976 9777 4530 6007 5670 209 484 8251 1725 8974 323 3813 4124 4435 3407 1256 359 7989 7701 4074 5839 3026 3401 9729 4756 3400 6302 8758 5884 4738 4035 7225 4653 9199 8380 7565 6109 9259 6926 9539 2987 2294 9277 2269 5795 5466 1181 5317 8092 4707 8819 7555 3048 7534 7207
2 3183 6950
69 3187 4753 6257 8366 9257 6819 3149 7481 9175 6563 4784 8697 8250 2218 8368 6519 8679 2738 6854 9451 8316 8912 135 4040 4489 4504 2474 4952 9216 4092 6780 2686 4218 5330 5581 6433 6448 9666 5758 7673 3971 7248 5098 5672 7285 8869 5087 9234 6913 9840 3200 9306 4651 3469 4999 6335 8174 8515 9112 8782 2834 6008 2487 5216 9860 5204 9982 6051 2107
65 3117 9321 1824 4447 7708 4238 9236 4909 3763 60 2323 8766 1133 2391 3079 3040 3587 3904 8036 6473 1007 5133 5429 3379 6893 2986 2370 8145 3147 9158 345 9792 1873 3646 5786 5519 2278 6924 5239 5001 5252 4812 7208 9016 7507 6383 4626 9333 5753 8635 5932 9450 9686 2638 4105 7730 1375 6311 9452 8771 9697 8470 8351 4659 9600
1 3060
33 3155 8085 7639 6687 1556 5740 4650 5751 6030 8083 5181 6718 4408 9874 4788 4795 5916 3619 4315 9186 902 3234 1676 168 8391 5329 2412 5791 8861 3360 8352 5840 877
64 3440 6197 3860 5967 8678 8026 5185 8324 3518 8530 1448 5416 706 1612 2429 1542 134 9583 2435 5053 3802 8477 4652 9835 3228 4591 7377 584 6018 7247 8371 1661 2546 7310 7888 2692 5205 6689 2128 8300 4853 5335 6525 6458 6645 5004 5141 9691 4403 4155 2896 5660 8845 6002 1939 2088 7214 2904 1540 8784 7194 9527 6441 1766
64 3491 7324 3452 6461 7929 1860 7191 9079 2930 9708 9540 7412 5433 6359 3439 4385 1354 9737 6015 9260 5366 6225 9664 7785 4696 1128 2004 777 5122 4128 3514 9931 6439 9214 9419 9553 5236 7975 1743 6736 3973 4513 8825 3969 3793 4920 5735 9013 5765 9905 9221 9020 6943 4984 9698 9778 4561 3345 4674 3279 2634 2406 7936 2388
65 3875 7427 3581 7047 4433 3575 7244 2140 5612 2578 1429 4933 1217 7259 7022 6658 5079 9107 2541 3780 4044 9231 3648 110 8055 5413 1688 4019 6674 546 5828 2092 9434 5427 5015 9763 7099 4761 9290 9823 4610 4836 3594 3880 9701 5778 2127 5745 2081 5339 2356 6316 7998 9291 4746 1716 6932 3607 8228 6633 3901 4965 4111 4605 7456
69 5014 8698 8653 6214 8027 7552 16 4046 8053 1600 1123 1604 3242 466 6205 9939 8848 9781 2937 4588 7745 8025 8013 2522 6586 3055 4892 8659 8665 1280 6684 9010 3568 9299 3108 8990 7795 3895 6353 5810 3885 5186 5841 9144 9846 9614 1850 3397 5961 9879 6501 9903 2991 5677 9524 4459 4688 9710 6654 3041 8893 8792 2041 1678 3826 8216 6647 4364 9969
63 6042 4852 8039 159 5049 330 4068 6928 8833 2664 2701 6794 2167 8924 164 662 2027 4145 2960 5012 2646 5578 4243 1747 5428 7157 6601 8066 5048 8807 6338 9430 6698 6323 7626 3602 5651 1903 4595 6469 8795 1884 4211 3933 9684 7092 9603 6489 6139 7734 2197 7770 7617 940 4841 5780 2357 5698 4775 6038 5991 1627 5823
66 8424 2993 688 626 5941 5555 7979 3005 3259 2815 9974 571 6554 5126 4076 1487 7891 7393 141 1121 4483 3774 7875 6914 6648 5694 5282 781 430 9824 7298 1838 8630 6175 8780 7013 7200 7081 8843 5389 2173 6083 7373 2580 5891 4731 6605 7193 8357 3739 9468 7465 9503 8706 7228 3752 3727 9900 8218 9991 6435 2781 6952 9768 7559 5193
61 9168 4616 1595 8983 5069 128 6482 1809 3953 3150 6278 2166 4104 6826 8791 4524 252 7045 219 21 9035 9793 8857 1163 4823 7838 5974 8345 1870 6060 9367 628 6418 4317 5943 3978 8529 9469 3820 2292 3088 9929 4842 3089 8856 2641 2787 4283 6465 9198 5120 3948 5582 5386 6305 3816 2814 2786 2936 6730 9741
65 9413 9696 1359 8523 4170 5206 1909 1614 9095 1644 7436 8726 8410 4137 7317 5760 1603 1679 1317 6385 5749 4782 9821 911 7877 4985 189 6406 9672 7702 5718 7171 6841 8982 2697 8133 1977 4787 4742 6087 7325 1619 9341 6886 8101 2461 8922 4267 3838 7602 4450 2264 5275 9023 3421 8070 5374 3218 6960 8240 3285 5681 7907 2480 6614
1 3249
64 3216 8453 4581 9850 9591 7475 5511 5112 3278 8613 6177 873 4587 2101 4307 4358 1174 5862 2846 4900 2595 4095 3608 9979 6582 686 3174 6206 1321 7242 1103 8489 5732 2324 5956 3512 8867 7236 5573 8804 5246 7333 6247 2696 6219 3365 2932 3115 8136 3626 6583 2978 5017 8777 9353 7396 8081 882 4380 1655 7903 9544 7775 9154
1 3387
69 4078 3256 4634 9957 2793 8227 6890 1139 3694 1926 7442 8237 4181 555 3225 173 4251 1888 5312 5861 7835 1189 8499 9815 4127 6997 8755 1935 1934 5219 4180 2082 5962 3609 5191 2237 6462 6075 7378 3499 7912 4596 3432 4299 1720 6853 6734 6035 4429 8524 5788 2543 6158 2875 7600 7666 6141 9582 6920 1209 3226 1550 2895 3305 4256 2804 8805 9784 2254
72 8220 8709 1143 3929 7574 1040 7496 2205 1862 8547 1964 9454 4248 7668 4096 8006 3573 1917 8001 7111 8700 8238 5028 2055 8213 8214 3494 9809 4835 1176 2019 2500 5265 178 4226 7656 4258 4815 4232 4438 4310 9624 5393 6417 8259 7003 8379 6682 9807 9009 6297 3658 5145 2575 9496 7055 6273 4908 9557 8043 4411 5549 8987 7223 2881 4548 4586 6149 2099 6537 8314 4678
31 8995 7760 2607 3856 1768 5908 4067 3781 1442 3744 7723 9721 682 6341 3001 6244 8718 1735 5274 1777 2039 5183 1792 5659 7037 7032 4290 9218 403 394 7740
1 9014
69 9049 8346 9887 6931 5973 4481 6155 8829 9806 9520 3275 8594 8176 7061 4273 9762 3185 1797 9126 7614 9375 4945 3146 8967 6310 4295 7860 6337 7962 1963 7859 5727 5373 9325 3641 4623 4893 5154 1789 3596 8082 2307 4202 3621 6307 7095 7716 6034 9639 9245 4816 2476 1912 3947 8393 9953 4584 2691 1798 1820 3668 4683 7801 1211 4135 9847 6121 8194 6246
66 9159 7828 3198 3628 8927 8781 5881 850 4151 3907 6681 5705 3755 8293 2920 9055 3151 7489 2266 8005 3158 8123 6860 8655 7816 7275 8562 2946 2705 7237 3705 6176 8814 6757 4276 8597 6226 6530 9276 3004 9070 2026 8107 8444 6788 4670 9105 5866 5264 6080 8633 2883 5337 3510 4020 2505 5950 4913 9505 5845 6157 6561 8964 1990 7341 2149
30 7418 3123 4574 1035 3128 8073 7042 3598 8049 6748 9190 1562 9549 1760 5201 1804 7866 435 6919 9457 9808 8289 9548 7925 7039 3553 9855 5290 2416 7118
71 4189 8561 2847 8657 4568 8592 3385 3044 2963 4415 3442 5460 3757 3292 158 2569 3443 1750 4015 8488 8553 2310 5084 5510 9153 9274 1207 1233 5983 4988 2188 642 6378 8826 1406 6399 6591 4851 6147 4230 4080 9564 9734 7803 8336 4534 7879 3852 8997 5616 2208 4208 7293 8275 7665 6694 5873 6239 8576 6499 9082 1811 5344 4437 4590 1369 7123 6663 4014 7215 2451
66 4768 6227 8545 3247 3765 4765 1067 9755 8624 8193 3036 1283 792 2096 3170 3604 5887 4025 4831 3086 5068 3742 8215 7811 2948 4689 2842 3303 8094 2944 7696 2704 4351 1413 9312 9507 4970 2312 4847 2113 5554 8291 9896 3252 3445 4876 7548 8071 5449 8531 8127 8632 4270 2160 1812 3547 5215 8596 2306 9444 7474 3872 5042 7996 7641 4131
67 4935 3968 4236 7115 8513 6416 1772 3373 5910 6113 5182 2775 9147 2468 5925 6866 5163 7927 2161 793 1883 5384 7942 1837 8859 3982 2148 2818 7300 9081 4160 6208 1142 8223 7681 8288 5037 2568 3891 3473 1611 7632 3714 4330 3999 6373 2831 9744 3538 2317 7389 8622 8818 3045 2065 4936 7192 1237 8060 1801 6626 3580 8180 1791 8392 6632 7649
71 6423 601 5535 8468 6578 810 1140 9732 4217 2614 7575 9980 7667 4304 8257 5351 6427 6036 0 3934 9059 2470 9949 5343 2892 5976 1089 8122 7522 7213 933 9497 5689 5451 6192 7509 58 1905 7167 2185 9757 9119 4525 8217 2181 5212 4498 9758 9801 4464 4269 7497 5363 9379 7224 9364 9348 3066 4721 2721 6366 2093 7858 1943 8682 3161 5736 2556 6806 1993 4361
64 7426 2182 4949 6152 5324 498 7752 9559 7986 5308 1239 593 5307 7572 2710 5637 2908 311 7392 6300 7078 9308 6097 7743 5508 8260 7400 8413 3416 9833 9043 9448 4829 2220 5346 8908 4737 6170 7994 9671 5385 1845 5927 9644 8452 5858 4198 6196 5250 8326 4121 8647 5408 3237 2478 3710 3173 8918 6722 5050 5365 6843 2661 3818
64 7584 2452 1415 5532 1330 5156 130 2350 432 2914 7147 1515 1740 2154 7464 402 4377 9533 6793 2562 1310 4929 2286 6989 5064 4375 3975 7429 1650 6486 198 5720 8796 6706 4845 3343 6617 7365 3184 5495 8537 9597 9532 4982 6831 4536 3591 9205 5558 7857 2597 7583 4959 2618 1800 5813 2514 8830 6762 2444 7537 9431 1864 5211
1 8946
63 9189 2414 6543 4632 9951 5472 1051 5298 5520 1025 6016 8462 6727 9864 3556 8646 5911 5935 1971 2558 2909 7407 5412 6224 2382 9739 6024 2743 6544 7363 3495 6611 7778 2740 6009 7829 4103 5957 8684 1502 8419 7582 2742 6401 9938 6825 3221 9377 8902 9572 8058 1974 9134 6153 7156 9687 2273 7926 7839 4956 2528 5320 7722
66 9435 1817 4662 4701 1805 544 7894 2756 3696 2352 6255 289 5522 1282 7349 7896 1944 9986 5739 7916 5821 3388 358 9921 2028 8943 3273 6814 123 9365 143 2428 3175 1461 7924 7124 4207 6146 7500 9587 3824 4868 9626 9611 9911 9711 5271 7686 4772 2471 7933 6909 9181 6631 8672 4877 8100 7090 5430 8484 3092 9438 1739 7399 7655 3555
64 9888 6891 474 7539 6879 2649 4318 1822 4777 5258 5860 1430 3346 1547 6616 3669 3326 8620 1433 9044 1098 2009 8917 5647 7387 6552 564 609 6187 5808 5379 9707 3180 2225 3287 6714 9525 5692 2133 4187 8303 3751 2750 3768 9541 8748 6733 3613 9608 6981 5091 5702 7289 3369 8736 5536 889 3979 5543 4643 5178 9882 9802 7577
31 3042 3877 3632 3496 7096 256 9251 7516 9956 9073 9397 919 8046 7185 3667 2644 1151 6389 6361 5878 6230 2919 1671 1218 8668 8573 3548 4914 3134 1948 249
67 3039 2805 8057 804 3832 1925 7030 8710 4996 4239 2037 9817 5658 5680 4286 6868 208 5693 9467 7598 4089 2322 4724 7680 6344 9889 7761 9917 7000 7873 1960 6115 9490 6735 9389 3132 8329 9595 4676 6851 8764 7546 8667 4321 7210 4404 8827 3776 9239 7550 9656 9775 7250 2764 6848 9514 6289 8823 9759 7970 2749 9423 2915 1697 5930 5392 7010
68 2995 1572 3611 1846 1468 528 9506 874 2940 2003 9076 6556 3851 1042 9121 572 5218 9133 9491 6553 4889 4446 7876 5530 6033 9952 1215 7990 2080 1701 3502 3382 6345 6398 4365 6220 1598 7836 9659 5825 1931 9345 6964 6394 3967 5676 6031 6536 3338 5437 4449 6702 9620 8747 2812 4571 8002 4291 4811 5678 3474 1079 2620 4254 7165 7049 7162 2103
71 2922 7937 9194 6897 3503 2152 9492 4214 1278 3844 4186 2395 7715 2677 8711 3114 1898 2158 9660 2318 3784 266 1290 6183 9871 199 6178 1126 9233 6291 1774 7130 3096 6895 2251 2527 3301 4113 2798 3890 2226 6965 2246 7357 6839 5034 3012 7170 3966 4528 8738 4342 8160 4979 7074 2427 2115 1874 1937 2779 3734 8195 3522 8236 7764 1071 6842 7422 5836 2783 4184
64 2921 4052 3562 7566 5595 8492 6992 3339 5997 9385 676 3707 4391 375 795 4030 8281 1414 3348 7960 3647 2680 1610 1519 2654 2835 2867 9908 3515 2897 1003 1796 3136 4603 4862 6741 7725 3389 7172 3886 5447 7676 6343 3728 7495 4972 9226 4245 5902 7818 7892 5180 6593 6659 8032 1877 7107 8305 7789 6404 8539 7294 9296 8887
39 2822 2851 445 5673 2713 4397 1691 5195 8431 8586 4957 5566 5263 5456 4084 4165 9027 6304 3917 7201 3528 6902 9310 6328 1028 2788 7765 2083 3398 6069 2629 7082 7939 5083 5106 2780 1044 3584 2404
70 2870 1769 9340 7132 8948 1196 2855 6093 4091 4937 6234 5207 7116 6922 1659 6822 1794 7375 1004 4969 3858 6538 8154 3341 8042 1427 7135 9173 4032 9116 5441 9458 5073 2967 4723 5067 9681 4109 2951 4492 5174 7353 9405 5415 7447 9985 7710 7241 8397 7160 8612 3178 4558 4427 8014 4012 2953 9170 7788 1316 9041 8165 5491 9463 9615 4512 8443 8265 5644 3595
66 3016 1141 3902 482 6980 7946 5934 2604 4327 2526 2906 1558 4082 8681 5058 8958 8737 2334 7278 8076 9084 8469 8588 1039 4579 2509 9910 8296 8734 8558 2577 1952 9160 3003 1853 9453 7615 5827 6977 9683 8425 5773 2087 4016 5179 9319 6122 2347 4849 9472 7895 7967 5599 5158 8520 2626 7281 7544 7810 5937 4954 5712 3008 7806 6898 8629
33 2849 3153 4759 9538 3878 3937 1186 665 3679 6936 7026 8063 1776 2768 8072 2024 343 9665 4298 9753 4745 3821 2961 6675 2989 6697 7131 8047 2397 2825 3121 3246 3317
32 2772 4760 9445 4474 457 7421 7331 8949 5333 4910 6504 5654 589 9242 6634 7065 5556 1411 6186 1897 9499 7024 893 7190 2078 7753 1799 1069 300 4179 9280 6272
70 2758 7609 1512 3665 8205 4766 3899 8356 2469 4 6516 5082 5051 6766 5368 8012 8285 1245 7751 6274 5168 6740 6630 5687 5514 4844 4720 6813 5768 6367 3819 2463 6878 2551 7114 1171 1866 7307 2326 5790 5531 3960 4191 7428 1578 3718 3466 6333 5979 4007 8785 7034 7862 4075 4624 4336 3478 2250 2926 1957 8146 6360 6052 3653 2737 8574 5551 6061 7471 7887
65 2734 3423 3075 1942 6001 5771 6857 7689 8118 7449 2396 6410 1961 3238 4309 7691 1904 5177 8581 1730 7046 4272 1668 9526 2153 4212 2720 5894 3464 7588 989 5072 3684 2949 7700 3650 9893 2432 9262 2839 3261 7964 6589 7403 4333 5321 2455 4810 2240 5649 3995 2553 6293 9865 8803 3717 4995 3601 9774 7029 7631 8945 9841 3876 9346
68 2717 4141 9328 9718 4390 9336 68 9933 4279 9811 9384 1390 5726 4053 6618 6411 4975 9745 8292 8235 8641 3785 200 3144 9281 4281 3606 2857 9750 9906 225 8446 8842 8137 3983 9712 3458 3939 4693 3204 2379 5272 8626 8839 3732 5630 2344 4142 6165 7434 7451 2579 6579 5589 9201 2405 3946 8846 1404 5729 2616 4257 7997 3868 3422 8753 7540 647
4 2635 306 5955 5557
2 2603 1579
68 2584 1999 6638 9440 352 3361 1751 502 9352 6925 8273 1907 9097 768 1639 4673 7467 975 9461 4341 1871 409 6412 3330 1526 2808 1708 5488 7404 3926 2682 8915 5230 9935 2540 4902 5622 5642 6180 6884 3113 8023 4143 7684 9085 8496 8312 8735 3509 8229 5922 9680 7490 5686 8770 4297 2718 2510 8981 2828 3652 8105 1255 7965 2968 9109 6625 2681
61 2600 6190 3482 4122 89 3921 7020 9735 6005 5896 2801 5022 8798 7347 9395 6215 6163 5822 5045 878 2011 4582 644 6763 6612 683 1314 5132 4199 2369 4669 6119 3535 9471 6387 2319 8233 4023 6505 9566 1591 8064 6642 5328 6467 5088 7977 2729 4631 1576 1765 2571 9894 9765 9071 4268 6564 2349 6088 9481 7364
30 2446 207 8546 3235 8654 2954 6754 8885 3264 3126 2479 3671 8266 81 590 3541 9078 4874 9314 4388 1242 5189 3110 3402 3490 1002 8455 2606 9278 1929
70 2440 8551 94 23 1364 7031 8080 3312 9930 2755 2135 7482 8966 5671 1521 7538 6686 9936 8741 901 2542 8211 7661 1423 1104 1861 6590 8976 532 5847 7308 3771 6915 4578 2171 3152 6365 1439 2658 5590 6104 2309 2321 8304 4133 2665 4846 3017 7819 7920 8354 5172 2377 3521 7220 6260 6534 8241 7542 6929 1263 5918 4552 8270 4714 7178 7947 2504 4300 470
70 2368 9371 8404 9166 4088 702 7384 7724 6983 1178 1462 785 1588 5867 6990 7296 3520 4880 1253 9436 4527 7709 5322 6185 2373 9127 4882 4344 8899 4658 9618 5063 6174 4602 7035 7265 3437 6453 7758 9323 9140 8757 7143 1741 7350 7573 9516 1729 8021 6834 5684 3691 7204 3627 3578 5286 7287 2336 5538 7713 5985 9517 1361 6377 6823 9188 4767 6546 8909 9577
69 2234 6669 9446 6597 8125 7871 417 5942 2399 9224 1422 9273 9772 6421 7679 813 1300 2608 1160 4387 7356 5105 3912 2707 7703 619 620 9363 4460 2590 6927 1524 3127 567 2017 6701 6253 4743 3061 5426 7271 9050 9011 5484 3571 2660 4261 7963 3394 5893 4154 9206 1953 8388 3483 6751 4593 4369 7154 1731 2537 4682 5471 7261 9748 7362 6133 9932 722
75 2150 2209 4801 3827 9498 3656 6765 9797 477 1863 4455 8751 2633 1210 5102 7176 784 5901 1996 4828 6369 7768 9362 530 5969 5838 5763 8593 790 8602 6918 3058 9332 8437 2076 9628 8538 6429 8639 1046 2114 5972 6502 9252 7126 3677 4549 3574 4043 1886 5340 1732 7943 8703 2112 9519 7266 3750 7301 8772 7128 6797 2393 8197 2567 4026 4532 6266 5621 7593 9410 5562 7187 5638 6575
74 2223 5046 5160 7545 1424 1712 7183 2933 896 8327 2860 9484 8549 215 8954 62 7406 3205 2745 2313 6218 5406 1810 5425 1693 4520 5584 4047 2052 2610 6456 1320 2316 3879 3065 6996 4598 7882 2837 8713 1416 9630 4656 3319 2975 9465 2988 5799 5977 8817 2871 7211 3564 7254 8881 3726 5452 6517 9063 8433 7052 9074 5402 7604 7518 1305 2776 2907 9358 7885 9724 9799 9418 6491
69 2139 5262 7704 5583 9470 276 598 7161 9967 7485 5990 7158 2018 2868 2762 9880 190 5769 1132 3254 400 3908 8224 3791 6318 3194 7282 5289 2685 1303 6082 8509 6484 5994 2615 4368 5540 7757 6653 6376 9169 7129 3253 9480 3569 5061 3000 9578 2733 3223 9649 6592 1979 7252 7139 8940 9878 7616 8018 1634 9045 6028 4998 8774 7270 8715 4712 1773 8395
68 2098 7148 9662 1247 416 34 7638 5377 5632 2573 4710 5574 304 738 1093 6566 9546 1322 3513 4454 2274 670 1118 6715 5856 8889 7355 9072 6948 3812 376 6772 8621 5443 4477 6629 1713 7622 3013 9776 5816 9928 9901 5602 4899 7372 7057 9298 2002 8998 8408 7445 5184 3163 2383 4320 4337 1509 4479 8244 6667 5507 4353 4502 6587 5273 1793 6787
71 1959 138 6791 3782 7793 8740 271 6970 8875 9052 7742 2343 3716 4628 8526 456 185 5587 6764 6236 4174 565 1849 7091 1899 5699 9057 1405 4547 55 4081 9279 1498 6375 7953 6696 2372 7515 4129 5394 8029 6315 2229 7103 1450 3245 3666 8822 4863 5203 6805 7145 8344 9652 3712 5719 9342 8522 3649 6136 9542 3311 8582 2999 8986 9094 9018 7153 3071 1522 2423
65 1826 9890 1752 5613 552 7011 5537 3322 3612 7528 3680 5 7149 3804 1238 2744 5376 3803 4117 8262 9270 8493 7812 7419 4684 2943 9780 3955 3721 5438 1483 3269 4288 7557 5114 6540 5746 9409 7218 2047 2174 5468 7398 3428 7749 5762 5995 3070 9657 5981 8510 4705 7868 8535 4927 2063 9788 4412 6012 5280 1638 2481 3472 8096 9914
68 2038 1965 4469 1030 5241 5528 5886 6231 5461 7579 1890 7383 6657 4553 4948 7299 679 5010 7316 9854 3176 4691 525 391 2260 7267 1618 3839 7846 6665 1721 8650 1145 1094 9355 2581 4700 3814 7932 5989 3125 8491 5043 7168 8208 4663 6700 6259 2196 8521 9225 3022 9335 2340 7551 6325 8110 2308 5586 3120 7174 6269 5953 4635 6135 7272 8385 5517
67 1785 8099 5524 5388 698 6200 7014 3324 2769 3410 8204 4009 443 73 5499 8320 3297 6752 6419 5748 8642 8728 1360 7243 8878 4869 5347 7949 2977 7792 125 6892 6228 6670 5299 4614 8707 4645 9981 8186 6863 3433 9521 1684 4781 3357 9373 8430 8079 2421 5785 4409 4319 2443 9886 2095 1947 6059 4619 4762 5054 2059 9403 8879 4539 3143 5453
2 1566 4322
70 1711 5370 1125 1348 1842 5564 8297 4535 5116 5151 6876 6481 4887 1373 9356 964 2337 106 9619 2281 5523 871 7062 332 8153 3484 2647 3453 8337 331 5108 4601 7025 6044 2666 7493 4177 9424 9598 9387 6396 2364 9647 7578 1645 8198 3142 6558 3395 7420 5892 5576 3307 7452 7905 8838 8648 7972 4008 1978 8559 9099 7856 2911 2189 6821 7772 9100 9918 2630
69 1666 9284 1387 1896 7015 2813 1014 1590 4311 9751 9139 5086 5797 5610 1854 184 1932 2194 5401 7693 739 7784 9973 4140 7824 1723 6145 4667 3124 1262 2984 8436 6873 8871 2741 3137 7196 2708 8534 9596 5331 9709 4924 6789 5047 1803 6067 5743 7311 7594 9176 8852 8742 7376 3848 9069 3930 9208 9476 4820 3906 2441 9388 4832 3540 6732 4690 7260 6479
2 1434 1587
2 1179 1808
2 1134 9714
67 835 9988 4830 4303 7720 9366 7251 1407 3867 3735 7367 8471 6520 4867 2138 8500 6128 8577 1821 9851 5146 5277 2722 313 5793 7802 9862 5249 39 3798 6646 6721 213 6483 9547 5646 7779 8221 4740 8034 5640 8429 9530 9946 5267 1940 5871 8059 8719 4729 6986 9301 2884 2328 4490 3196 2448 6988 8011 3074 1672 6947 6969 5227 3504 1268 4329
65 719 152 3265 9213 6720 2874 8400 6871 6474 5171 2841 5945 220 8970 6167 3281 3243 2142 2601 9658 2947 9376 5601 7466 3277 3817 872 1695 2998 3923 4986 7290 1885 1719 7018 5775 4328 5627 9021 4704 9567 3162 3822 3263 2602 3600 6934 7137 7169 6636 3572 7048 5571 3450 2667 1518 6503 860 5609 2123 9971 5361 4063 2494 2659
71 820 8315 7794 6319 1893 2890 3051 5545 2305 8733 1049 5940 1264 4192 9915 3881 6622 3335 2531 8022 6615 9853 3130 2183 4334 7336 6460 5018 67 2465 1467 4098 1553 1856 3063 2671 4414 1496 2889 8497 2419 3419 6739 6336 9641 3414 8525 1901 5626 7085 6391 9305 4000 6281 7512 5039 3141 3208 6201 1626 2054 7930 6184 6161 2985 3957 6264 2582 3006 5065 8311
66 691 1109 5801 9288 3991 1807 3302 5127 7351 7985 4716 3122 9825 4323 5323 8873 8377 4004 4562 3887 5100 4163 4062 4728 5963 8813 161 6368 3094 2724 1352 1771 7146 4776 6134 7385 4051 3376 7823 5498 7628 8271 4086 6314 9088 4854 5656 5933 4445 3358 6774 9813 5009 5996 3661 3909 6704 8880 7089 4793 5375 3106 5851 9643 1637 6148
33 586 8849 8372 1191 9417 9695 2836 6258 1835 2293 9268 2085 9907 1913 6580 9329 2838 5157 6309 3427 2477 9006 3069 9254 2230 8628 5951 7771 2120 5405 2389 5411 412
2 681 13
1 701
1 1408
63 493 1788 8590 182 1113 3519 8745 1560 6815 2126 4567 7408 8834 6395 6446 1657 2289 6572 7462 833 1986 3286 8347 997 8956 8722 782 8886 1914 4471 1453 9570 4538 3928 5631 8921 7127 9195 5288 3217 6349 9493 3990 3133 9569 8243 8112 5946 3111 6577 7280 1287 4872 8959 1270 5789 2585 7978 2952 7747 2678 5987 7264
60 389 9814 9688 7918 9200 288 5516 3417 5868 9856 6551 9184 5784 6747 9324 1064 8476 5070 5192 1825 8832 1988 8931 83 3686 9135 673 9060 8787 1530 2060 4146 8087 5081 3884 8396 8571 8973 2598 7098 3789 4675 9479 9550 5140 6661 6478 9667 7477 9805 6660 9001 8077 9293 3404 7004 7854 5240 6413 973
67 333 42 9246 8383 523 5984 8134 6623 3855 3268 4926 5005 979 221 2295 5348 3300 5742 9675 4799 9798 6795 5879 7291 3336 4519 1754 560 8616 5611 8686 4749 5761 4011 2800 1135 7893 1457 5546 7212 9040 8226 6962 1781 4453 6678 4499 4649 5194 4725 3736 9357 5888 5025 9536 7897 6782 6907 1718 1705 4735 4698 4058 8151 9015 9255 9700
72 45 327 4077 7613 4805 9117 8434 9075 8797 8625 7969 6382 434 3050 9115 4983 6746 8417 7117 6212 5315 4444 689 6329 4792 2802 5440 4564 5291 5281 5905 8248 1147 6829 7005 9207 2204 8148 1894 6545 8759 2466 5040 6963 8155 6476 9779 5572 3761 7547 6118 6662 8342 2619 8104 5234 2796 9713 8695 5711 6921 8061 3451 3664 3349 3468 7424 6830 6942 5044 5690 6202
33 156 934 2823 5703 3505 9756 7120 3201 3746 7295 3898 6767 5883 9831 675 9456 3103 4048 2247 6559 3777 4306 1692 1694 5509 7328 8505 7983 8536 5913 6993 1056 6129
0
0
0
0
0
0
0
0
0
0
0
0
0
0
0
0
0
0
0
0
0
0
0
0
0
0
0
0
0
0
0
0
0
0
0
0
0
0
0
0
0
0
0
0
0
0
0
0
0
0
0
0
0
0
0
0
0
0
0
0
0
0
0
0
0
0
0
0
0
0
0
0
0
0
0
0
0
0
0
0
0
0
0
0
0
0
0
0
0
0
0
0
0
0
0
0
0
0
0
0
0
0
0
0
0
0
0
0
0
0
0
0
0
0
0
0
0
0
0
0
0
0
0
0
0
0
0
0
0
0
0
0
0
0
0
0
0
0
0
0
0
0
0
0
0
0
0
0
0
0
0
0
0
0
0
0
0
0
0
0
0
0
0
0
0
0
