1 9976
16 9913 9965 9537 9458 9496 8662 9361 9225 8822 8839 9271 9808 8497 8381 8215 8377
1 9847
1 9752
19 9888 622 2324 8021 9631 9575 9002 9570 9288 8928 9322 9867 9899 9904 9099 9600 8363 8141 7917
1 9707
9 9679 1888 3321 9961 9124 8600 9493 8295 8114
1 9619
20 9563 9626 4475 6199 9595 8370 8464 7698 9466 9284 8667 9541 9886 9047 8692 8625 8503 9095 8165 9532
1 9514
9 9504 9982 8985 8777 8893 8392 8336 8169 8107
1 9409
1 9393
1 9313
1 9325
1 9305
16 9256 9806 8112 9232 9934 9490 9547 9188 9323 9115 9794 9601 9507 8201 7833 7111
7 9449 9947 9738 9475 8876 8968 9921
8 9550 9830 8523 8952 9230 9278 9448 9360
14 9675 4066 9090 7319 7637 9562 9182 9678 9408 9566 9319 9784 9142 8824
22 9140 3239 6361 1447 5875 9556 8382 7934 8504 8938 9222 8798 9479 9533 9389 9211 9414 8676 8608 9390 9793 8374
21 9799 8395 2531 6794 8459 8434 7683 8995 9392 8945 9778 8961 8993 8793 9893 8649 8515 8461 9168 8311 8251
8 9084 8564 7198 8739 9286 9251 9930 9693
1 9003
15 8962 2313 3147 9963 9694 9000 9658 9572 9455 9491 9200 8507 8369 8162 7943
9 8950 6656 7114 7553 9045 8088 9936 9461 8331
9 8890 9967 9149 8983 9746 8487 9637 9317 8120
9 8878 9985 9912 8506 9029 8842 9039 8776 9803
13 8773 9998 9774 8775 9422 9201 8712 8651 9690 9129 9818 8178 7906
15 8758 9974 9492 9209 9035 9054 9376 8881 9021 9365 8802 8919 9290 9560 9117
1 8731
20 8708 4842 6662 7846 7792 9744 9457 9539 9441 9015 9150 9848 8946 9032 9426 9260 9608 8232 8044 8022
1 8703
9 8670 9989 8769 8880 8657 9781 9717 8126 7954
13 8640 4829 9992 9379 8917 8863 9050 9529 9873 9340 9792 9215 8718
11 8518 297 394 5213 8209 9495 9586 9450 9262 9249 9914
1 8477
1 8310
1 8292
1 8175
1 7965
1 7957
16 8329 580 4873 8711 9950 9330 9583 8841 9605 9588 9094 9301 8345 8196 8582 7586
7 7956 2418 9999 8452 9876 9097 7814
20 7929 2327 8557 5743 7372 7874 8747 8615 8782 8800 8963 9816 9148 9732 9500 8706 8623 8409 9396 8870
19 7928 268 4586 7704 9087 6756 8254 8530 8642 9265 8644 8820 9351 9456 9437 9672 9067 8888 8947
1 7861
13 7657 583 7229 2589 7329 7406 8338 9252 9917 9599 8910 9277 8490
1 7499
1 7475
2 7913 9927
19 7952 1815 8425 6110 8073 9109 9546 9199 9303 9754 9870 9762 8900 8913 8468 8279 8211 9776 7708
5 7561 3647 9959 9840 8467
1 7463
16 7429 5716 6694 5615 8435 8203 9633 9735 8187 9019 9932 8621 8790 8389 9558 7969
1 7401
20 7399 9207 5971 9452 8277 9030 9071 8042 9370 8661 9231 9295 8744 9206 9622 8491 8398 9024 8084 8057
14 7270 9819 9882 9141 8871 9043 9318 9093 8721 8639 8924 9668 8349 8131
11 7109 9951 8772 9138 9911 9368 9205 8997 9049 9885 8280
11 7070 3103 2176 9995 9088 9391 8579 8948 8424 9517 8957
9 7013 9987 8829 9076 8643 8577 9010 8322 8119
1 6916
11 6901 8420 6843 7864 6558 7428 7638 8040 8110 9763 9910
24 6822 957 6607 7020 9845 7602 9190 9527 9742 9526 9823 9800 9671 9183 9363 9235 8754 9126 8899 9692 8943 8380 9614 8113
1 6815
1 6831
11 7040 2020 5245 9768 9297 7737 7710 9710 8806 9077 9287
1 6807
22 6783 3149 5881 7687 5990 7117 7430 8348 9617 9482 9592 8872 9630 9597 8896 9578 9008 9771 9552 9589 9131 7820
1 6689
12 6706 1528 7911 8458 9191 9105 9557 9410 9186 9945 8451 8517
18 6670 6724 2828 5034 6786 9282 9289 8273 9134 9817 9366 9704 9488 9788 8949 9596 8265 8480
1 6466
13 6663 1833 7877 7455 7889 9401 7927 8346 9483 9953 9484 8959 8556
24 6412 61 7064 7398 5113 8892 9549 9164 9341 9151 9611 9667 8926 9022 9554 9651 9327 9856 9243 9676 9210 8235 8043 7834
1 6695
10 6403 9874 8785 9438 8918 9026 8819 9170 8805 9520
21 6381 3025 8587 5227 7512 8351 8653 9180 9156 9268 8826 9407 9113 8750 9853 9756 9257 9775 8865 9860 8921
1 6277
22 6263 2986 9291 8932 8024 9320 8309 7975 9477 8367 9731 9553 9810 9902 9629 9053 9519 9909 8123 7977 7509 7395
15 6252 9981 8990 8987 9038 9643 8958 9663 9279 9339 8602 8384 8654 8087 8069
18 6031 9944 9100 9070 9516 9219 9136 9224 8807 9447 9855 9310 9580 8589 8391 9811 8089 7881
1 6002
1 5970
1 5934
13 6198 6649 9733 6404 9544 6669 9349 9939 9245 9373 8572 9669 8230
17 5868 1866 9046 8323 6741 8823 9314 8191 9132 9837 8664 9908 9571 8814 8920 9059 8730
1 5860
14 5769 7862 9890 9381 9644 9110 9194 9055 9905 8867 9486 9259 8163 7968
21 5717 7318 567 7116 6877 9144 7787 9681 9394 9133 9248 8550 9270 9162 9664 8853 8942 9223 9714 8124 7964
22 5693 8189 8055 7631 9769 8989 8831 8445 9364 8864 9155 9780 8749 9017 9096 8859 8837 9280 8647 8327 8083 7539
1 5497
20 5445 1978 7293 9649 7224 9011 7668 9761 8742 9652 9607 9593 9929 9367 8697 9606 8923 9711 8090 7795
1 5440
1 5335
1 5324
19 5300 7141 4644 9846 9228 9687 9247 9239 9086 9111 9802 8733 8794 8633 8455 8411 8594 7976 7649
1 5299
24 5235 29 8509 6329 6747 7677 8902 8637 7883 8298 8595 9789 9006 9292 9213 8763 9725 8944 9501 9465 8508 9721 8012 7617
22 5192 2008 6767 4877 9306 7546 8093 8575 8236 9375 9263 9424 8510 9767 8817 9665 9839 9760 8683 8417 9650 8080
16 5137 9871 8981 9073 9328 9333 9384 9395 8971 9081 8680 9057 8488 8320 8941 7996
1 5018
1 4839
14 4758 2912 8184 9972 8746 9056 9460 8969 8886 8669 9434 8443 8340 9906
1 4742
11 4679 9926 8851 8830 9163 9518 9040 8908 9432 8580 8606
1 4601
1 4525
1 4618
1 4855
18 5086 157 2278 8213 8029 8629 9627 8554 9116 9273 8617 9701 8638 9362 9880 9686 9509 8663
12 5424 3030 8965 9955 9708 9453 9841 9013 9467 9014 9765 8847
19 5885 8728 8302 8586 9104 8856 9751 9075 8686 8691 9157 8833 8931 9372 9528 8499 8541 9545 8740
21 6115 3471 6780 1332 8848 6752 8285 7690 9242 8970 9238 8901 9879 9442 9653 9695 9063 9689 9797 8726 7851
19 6228 8179 6654 6493 8978 8536 9345 8259 8603 8645 9001 9114 9709 8992 9431 9344 9728 8964 9359
15 6541 8698 666 9952 8534 9863 9730 8927 8771 8894 8834 8526 9446 8222 7979
14 6961 6913 5858 7779 9968 9835 9119 8729 8678 8495 9198 9311 8350 8850
13 9216 9020 8086 7210 8274 9757 9576 8951 9028 9031 8911 9727 9515
12 9283 8675 6269 5387 7082 7804 9933 9567 8925 9387 9374 9326
13 9523 3692 3667 9473 6735 8991 8768 8173 9346 9895 9383 8722 9536
9 4948 9851 7465 9254 8192 9924 8891 9004 8078
6 4637 4882 8271 6745 9579 9868
15 4894 8342 7028 5112 6924 8462 7870 8682 8421 8761 8843 8960 9498 9748 9723
18 4494 554 9820 7451 8447 9628 7662 9844 9513 9843 9621 8732 9521 8558 8454 9120 8463 8122
18 4435 7709 8158 7585 9487 9179 9429 8996 9826 9233 8972 8812 9887 8537 9061 8980 8098 9380
9 4379 9121 9973 8702 8724 9454 9753 9172 7489
1 4377
18 4309 55 8204 9166 7180 5359 8915 9610 8665 8585 9584 8906 9866 8914 9715 8677 9861 8433
1 4094
17 4307 8406 6456 3546 7891 9815 9065 9604 9505 8827 9321 9682 8738 9332 8765 8929 9878
19 4090 4788 1227 6485 5393 6875 9640 9743 8854 9900 8542 8687 9420 9436 9755 9398 8685 8561 8319
14 4078 8559 8787 7346 9948 9348 9594 8875 9352 9443 8611 8478 8641 7953
1 4071
17 4059 4214 1194 8784 8079 8555 9062 9623 9790 9884 9335 9350 9236 9615 8825 8581 8216
15 4008 541 9901 6502 9852 8426 8410 8955 9836 9074 8620 9355 8779 9740 9940
16 4058 6965 9347 8449 8440 9625 9135 9809 9388 9881 9785 9783 9428 8873 9865 8727
15 3869 1269 9920 7884 9737 9896 8903 9718 9807 8756 8634 9309 9336 8278 9677
1 3817
12 3696 9975 9264 9474 9706 9175 9565 8885 9750 8385 8396 9673
18 3629 3693 9935 7104 8448 8128 8882 9068 9822 8895 9988 9091 9616 8852 9603 9048 9764 8132
1 3607
21 3580 9581 5808 9412 9012 9485 9042 9842 8973 9089 9143 9444 8986 9786 9261 9125 9502 9703 8538 8552 8700
1 3549
12 3444 7119 9406 6740 7347 9943 9174 9343 9069 9147 9220 8156
20 3442 3457 6418 7810 8376 7446 8868 9171 9234 8953 9324 9862 8954 9582 9590 9660 8483 8299 9829 9573
16 3307 7799 4536 6457 9685 8548 8816 8155 9177 8801 9659 9894 9548 8912 9857 9036
15 3371 2429 7849 8484 9052 8713 9602 9382 9657 9712 9647 9027 8904 8976 9824
1 3855
22 3253 3564 2507 6139 5948 9137 9543 9696 9613 9033 9357 9082 9574 9821 9425 9591 9535 8999 9656 8897 8218 7983
25 3167 610 4056 3333 7287 5060 6851 8207 7922 9127 9101 9632 9106 9300 8974 9480 9079 9293 9445 9203 9773 8613 8701 8053 9476
16 3156 445 1794 7612 7320 9691 9469 8198 9130 9645 9641 8788 9922 8321 8430 7723
1 3090
10 3055 2941 3410 8290 9805 9634 8071 9931 8260 8862
1 2949
1 2920
12 2735 24 3743 7716 9958 8684 8540 8405 8674 8106 7950 7681
15 2917 5598 113 5237 7355 9941 9386 9108 9415 9016 9854 9648 9371 8269 8154
20 2883 6952 2944 4984 8133 8791 8059 8860 9226 8562 9023 9331 9688 8846 8723 9439 8879 9834 8054 7281
1 2720
11 3555 6039 9964 9092 8845 9551 8714 8619 8457 9214 8147
12 3578 9804 9139 9697 9801 9285 9726 9007 8528 8352 9827 7696
8 2695 5027 8227 9997 9369 8166 9770 7593
8 2581 9994 9423 8828 9051 8849 8308 9638
17 2571 2576 1563 9833 9724 9421 9193 8922 9204 8725 9468 9875 8592 8442 8607 8275 8618
1 2519
1 2465
1 2432
9 2384 9978 9531 9399 9098 9787 8397 8013 9430
15 2559 5649 9923 9741 9298 9103 8813 8887 9173 9217 8866 8473 8138 8046 8543
19 2869 6160 7140 8020 8699 8588 8614 9538 9889 8652 9849 9508 9083 9489 9891 9427 8436 8612 8210
11 3654 9983 9416 9791 9404 8626 8567 8877 8281 9736 7955
10 2356 6321 9966 9525 8696 8423 9123 8226 8171 7783
10 2316 8102 7156 7575 9957 9294 8861 8371 8255 9176
11 2247 5902 6912 9962 9299 9722 9798 8748 8966 8751 8994
1 2135
7 2015 9954 9942 8305 8770 8002 9329
16 2061 1993 6044 6135 5332 9928 9212 9312 9618 8752 9154 8648 8168 8375 7855 7676
18 1992 5161 7435 7471 8792 9705 9464 8094 9812 8809 8935 9828 9825 9161 9413 8532 9494 8139
20 1867 3281 5222 5218 6658 9246 8328 8835 7867 8529 8694 9859 9229 9877 9674 9587 9777 8707 9451 9915
15 1776 9698 3655 8979 7379 9202 9208 9758 9269 9683 8907 8759 9266 8858 9831
17 1757 8840 6529 8774 8786 9702 9897 9192 8916 9462 9034 8709 9145 9642 9782 8199 7842
9 1560 9979 3697 9402 8967 9971 8482 8195 7985
1 1543
17 1515 8520 6150 9869 8419 8194 9561 8956 8857 9337 9218 8905 8741 9338 8717 9146 8019
14 1335 5341 8578 9980 9160 9185 8764 9471 9662 9058 9196 8276 9354 7826
1 1315
6 1305 1664 7227 9986 8332 9766
18 1273 7640 9187 7711 8566 9078 7648 8940 8546 9919 8855 9506 8930 9342 9356 8982 9918 8008
1 1209
14 1178 9872 9195 9272 8815 9080 9400 8844 8778 8658 9555 8365 8221 7937
1 1138
13 1105 9813 9564 8998 9397 8811 9153 9253 8762 8500 8364 8690 8414
19 1097 4346 4687 9864 9795 9440 8743 9378 9716 9112 9181 9009 9315 9308 8818 9005 8797 8404 8453
1 1066
1 769
7 719 9925 9892 8333 9635 9281 7702
16 920 5304 3168 7108 9858 8988 8933 8753 8734 8689 9719 9296 9169 8519 8036 7824
20 961 741 5343 7993 9503 8766 8085 9497 8909 9838 9237 8760 9122 8757 9417 8604 9585 8282 8152 8061
6 1005 7468 9984 8598 8304 9796
20 1040 1724 9405 9128 8715 8573 7876 9511 9419 9684 8695 9167 8883 9739 8975 8655 9184 9499 8238 8710
9 1135 9991 9107 8934 9189 9646 9241 8137 7951
9 768 9996 9385 9512 9044 9907 8501 9747 8808
22 713 5406 219 3049 5358 9274 8832 8157 9524 8795 8631 9624 9779 9470 9510 9699 8977 9713 8565 8386 8939 8091
1 700
1 677
1 672
1 606
20 3988 489 7188 8149 5491 8574 8224 9654 8188 9655 9478 9534 9661 9102 9066 8716 8569 8441 8622 8535
22 4143 5381 7088 8104 9559 8146 8219 8368 8671 9165 8597 8560 9639 9302 9403 9258 8635 9540 8735 9577 8527 7825
17 4150 6424 19 5727 7129 4959 7768 8803 7686 8609 9159 9729 9433 9418 9898 8206 7918
6 568 5402 3918 7948 9977 8898
10 549 9670 6189 9666 9353 9064 8306 9993 8100 7980
1 519
11 563 9832 9612 9734 9358 9275 8936 8704 8836 8838 8185
11 474 4098 8630 9463 9316 7666 9680 9018 8937 9158 9377
1 423
1 372
9 375 6633 7325 9956 9307 8267 8202 7938 7537
9 311 9949 8719 9903 8479 8636 9025 8337 8301
7 303 4495 3008 8736 9459 9960 9569
24 222 585 9411 8783 8262 6849 9267 9620 9037 8804 8610 8659 9085 9250 8755 9060 9522 8781 9772 8570 9749 9700 8001 7739
23 273 734 1879 6123 6884 9636 8796 9276 8737 8984 8869 9720 8533 9221 9244 9435 9041 9197 9759 8522 8429 8197 9304
9 203 9969 9883 9178 9568 8460 9850 8884 8217
1 187
1 88
19 117 1353 2774 8489 7230 7357 9255 8521 8681 9118 9481 8780 9240 9542 8810 9598 9745 9814 8422
11 84 1735 6900 7186 5991 9946 8666 8372 8174 9334 8874
0
0
0
0
0
0
0
0
0
0
0
0
0
0
0
0
0
0
0
0
0
0
0
0
0
0
0
0
0
0
0
0
0
0
0
0
0
0
0
0
0
0
0
0
0
0
0
0
0
0
0
0
0
0
0
0
0
0
0
0
0
0
0
0
0
0
0
0
0
0
0
0
0
0
0
0
0
0
0
0
0
0
0
0
0
0
0
0
0
0
0
0
0
0
0
0
0
0
0
0
0
0
0
0
0
0
0
0
0
0
0
0
0
0
0
0
0
0
0
0
0
0
0
0
0
0
0
0
0
0
0
0
0
0
0
0
0
0
0
0
0
0
0
0
0
0
0
0
0
0
0
0
0
0
0
0
0
0
0
0
0
0
0
0
0
0
0
0
0
0
0
0
0
