1 9976
18 9913 9985 9952 8638 9838 8993 9870 9086 9119 9126 8744 9069 9184 9486 8443 8363 8269 8113
1 9847
23 9752 2869 8102 6849 9469 9297 9681 8854 8695 8798 8562 9659 8842 9148 9094 9008 9432 8861 9637 9241 9545 8222 7824
1 9707
11 9679 4143 4882 6424 7810 9128 9459 9977 8941 8123 7834
1 9619
19 9888 372 1735 5343 9452 8346 9289 8876 8782 9882 9379 9205 9886 9185 9856 8839 8834 9775 9646
9 9563 9626 8698 7435 9463 8440 9130 9897 9377
1 9514
6 9504 9961 9745 9750 9669 8265
20 9409 375 8458 8979 7648 8637 8157 9127 9195 9101 9027 9303 9322 9630 9665 9855 9365 9840 8678 9700
1 9393
1 9313
15 9305 8962 6745 9804 9474 9939 9295 9093 8985 8812 9922 8497 8453 8122 7593
11 9256 9813 9678 9440 8542 8659 9734 8960 9880 9708 9740
8 9325 2986 5881 7325 9957 8948 8690 8260
1 9675
21 9140 7119 9090 7372 9254 7876 9738 9263 8644 9896 8926 9302 9029 9431 8920 9588 8818 9465 8702 9369 8414
19 9799 8395 7709 9935 7792 8309 9144 8079 9100 9284 8624 9534 9318 9080 9565 9904 8908 8797 8433
16 9084 8189 9052 6304 9805 9696 9634 9341 9035 9392 9881 8691 9758 9049 9921 9374
16 9003 4637 7877 7864 8209 7677 8198 9575 9492 9381 9912 8815 9629 8969 9726 8994
7 8890 9966 9021 9336 9169 8349 8700
18 8878 9996 9832 9684 9132 9496 9789 9368 9884 8833 9727 9386 9883 8900 9189 9014 8429 8364
11 8773 9998 8881 9212 9034 9603 9606 9296 8570 9831 8098
18 8758 9974 8995 8795 8609 8901 9351 9428 9651 9801 9437 9535 8942 9391 9493 8726 8216 8036
1 8731
1 8708
22 8703 5716 9207 1883 7198 7329 9255 9680 9134 8737 8800 9607 9941 9571 9092 9618 9528 9600 8540 8372 9354 9476
7 8670 9989 9332 9417 9294 8680 8411
1 8640
12 8518 1888 3693 9920 9830 9483 9956 8567 8461 8622 8163 8078
21 8477 9523 3239 3168 9473 9685 8832 9613 8955 9505 9438 9508 9376 9688 8930 9413 9861 8569 9454 9860 8100
10 8310 920 3743 7716 9959 8934 8663 8404 8345 8044
1 8292
1 8175
1 7965
20 7957 9581 8787 7104 9495 8786 8464 9410 9156 9513 9706 9239 9181 9807 9582 8751 9223 8838 8238 8154
8 8184 9964 8864 9583 9739 9522 9398 9390
22 8950 4066 8029 8629 8274 8285 9171 9710 8869 9077 9073 8627 9490 9233 8958 9099 8732 9676 8648 8522 8327 9915
22 7956 6913 9768 9274 8203 9633 8410 9276 8909 8687 9074 9229 9697 9866 9009 9587 9525 9309 9552 9095 8299 9430
1 7928
17 7862 9944 9068 9159 8530 9837 9001 9778 9863 9730 8972 9063 8754 8867 8613 8463 8311
24 7861 6961 7088 7082 9556 8835 9705 9450 9242 9357 8595 9226 8928 8551 9643 9480 9350 9122 9756 8776 8964 9484 9850 8740
1 7657
1 7499
1 7475
1 7463
20 7429 1353 6952 3692 6404 6123 8462 8816 8614 8937 8998 8895 9661 9653 9261 9253 9814 8666 8770 8120
1 7401
12 8329 3564 3321 9991 8912 8885 9058 8676 8507 9577 9517 8089
16 7399 9020 8564 7512 8277 7975 8536 9164 9071 9458 9694 9790 8872 9435 9865 9662
14 7270 9972 8585 8620 9877 9755 9315 9551 8714 9808 9120 9317 9334 8138
10 7070 4150 5161 8965 9958 9415 8805 9596 9608 8535
9 7013 9987 9699 9098 8723 9154 8634 8480 8012
20 6916 29 8675 8086 9544 8207 8991 9158 8665 9208 9219 9919 9732 9529 8738 9145 8891 8808 8171 8046
7 7109 9965 9037 9075 8603 9724 9287
11 6901 8559 8578 9980 9321 8793 9932 8759 8925 8580 9918
1 6822
10 6815 5341 4788 7140 6493 8848 9282 9524 9546 8968
22 6783 4346 5304 8420 7186 8073 9815 9375 9265 9070 9160 9270 9250 9929 9107 8863 9692 9010 8558 9277 8517 9573
1 6689
10 6807 9979 6780 6843 7471 8967 9971 8501 9614 8152
1 6831
16 7040 3149 7108 9872 9089 9298 9085 8906 9188 9201 9279 8769 9339 9147 9764 8870
1 6706
14 6670 4842 610 8149 6502 7428 8338 8823 9190 9042 8860 9482 8719 9953
1 6466
23 6663 55 580 8484 7230 6139 9045 9640 8575 9065 9234 9388 8953 9015 9043 9862 8954 9453 8859 8999 8565 9131 8008
13 6412 4495 9405 6752 8792 9538 8856 9655 8851 9167 9346 9960 8201
1 6695
2 6403 9927
1 6381
23 6277 24 1528 4098 9166 6189 8426 9179 9846 9151 9612 9155 9542 9348 9153 9124 9873 9622 8684 8626 8499 8454 8371
16 6263 3281 2327 8262 6269 9602 9030 8791 9819 9570 9133 9632 8746 9436 9039 9520
18 6252 9981 9394 8560 9143 9479 9816 9506 9083 9455 8907 8765 9013 8647 9717 8375 8106 7681
1 6002
15 5970 9216 7913 9928 9641 8662 9917 9470 9531 9352 9905 9005 9048 9909 8218
19 5934 6724 2774 6740 9627 9549 9180 9466 8820 9299 9142 9718 9621 9414 8762 8696 8592 8865 8862
19 6031 9951 9202 8768 8809 8550 9378 9867 9510 9175 9399 8781 8706 9007 9280 9792 8423 8350 7820
11 6039 9962 9113 9594 8931 9051 9067 8619 8398 8195 7723
19 5868 3457 3667 9649 6735 9795 9135 8806 8827 9238 9114 8933 9548 8977 8894 9057 8879 9811 8255
8 5860 541 311 9900 9228 9849 9444 9515
16 5769 2576 5902 2531 7114 6457 6912 9948 9533 9853 9468 8794 9891 8611 9004 8275
7 6228 6321 9982 9088 9519 9834 9766
6 5717 8227 9955 8658 9499 9558
5 5693 7468 9986 8552 9770
1 5497
21 5445 3030 8213 7320 8566 9104 8133 9457 9809 8984 9319 8814 9462 9235 9174 9841 8802 8929 9937 8221 8957
20 5440 4687 8630 7156 8376 9666 9869 8254 9564 9566 9141 9810 9780 9489 9898 9797 8467 8980 8333 8217
1 5335
1 5324
10 5300 2008 6456 6900 8449 7804 9933 8913 9311 8211
19 5299 2020 2944 8713 9744 8772 9222 9420 9300 9779 9403 9111 9605 9066 8810 9243 8602 8641 8166
1 5235
1 5192
9 5137 9926 9272 9328 9407 9843 9664 9578 8778
1 5018
1 4839
1 4758
1 4742
4 4679 9954 9993 9796
1 4601
1 4525
10 4618 3371 9121 9995 8905 9540 8589 8488 8430 8556
1 4855
1 4894
25 5086 7141 9411 7188 7553 6110 9559 9485 8219 9464 8882 9408 8664 8871 9056 9026 9821 9053 9356 9443 9719 9668 8607 8337 8921
21 5424 6633 9347 6924 9412 7927 8681 9645 8671 9192 9800 9671 9682 9695 9500 8771 9439 8858 9383 8959 9970
21 6115 5598 8204 8736 8586 8715 9757 9477 9617 8990 9553 8843 9139 9541 9786 9204 9236 8777 9787 9765 8178
14 6198 6649 9550 9992 9783 9547 9218 9788 9715 8764 9599 8625 8487 8718
6 7929 7227 9999 8606 8710 8013
13 7561 394 6656 9087 9543 9512 9251 9945 9885 9210 9650 8527 8057
23 4494 2429 8489 6658 8459 9316 9105 9657 9018 8938 9264 9785 9136 9442 9193 9323 9308 8757 9568 8910 9507 8384 9172
5 4435 2176 9973 8893 8581
20 4379 8342 7028 7768 9631 9751 8694 9526 8904 8976 9292 9275 8936 9501 8729 9660 8677 8528 8674 9736
1 4377
1 4309
1 4094
7 4307 8406 8840 7948 9997 8451 9532
22 4090 3025 8520 7612 7020 8774 9586 9273 9248 9639 9103 8807 9447 9017 9161 9016 8712 8849 9936 9461 8280 8126
1 4078
1 4071
13 4059 2912 7640 4829 9963 9456 9509 8752 9771 9168 8508 8321 8874
7 4058 2418 9984 8704 9876 8365 8301
1 4008
20 3869 6541 9046 6607 9503 9562 9345 9064 8761 9859 9038 8974 9225 9363 9518 9857 8753 8790 8441 9638
1 3817
13 3696 9975 8780 8918 8775 9448 9245 8880 8949 9793 9387 8490 9536
14 3629 1833 5222 7451 9252 9988 8887 9125 8755 8836 9711 9589 8235 7855
1 3607
10 3580 5381 7293 8024 8548 7546 9186 9848 8526 8847
14 3578 9890 9000 9247 9716 9389 9791 8875 9875 9427 9061 9025 8352 8169
1 3549
1 3442
20 3307 9283 9187 8932 9406 8699 9267 8040 8831 9561 9823 8743 9358 9774 9312 9471 9760 9887 9451 8397
20 3444 5885 268 9820 8021 8573 9636 9033 8804 8981 8546 9902 9802 9149 8756 9373 8623 8386 9176 8147
19 3253 1978 7711 8290 9735 9836 9844 8799 9722 9767 9422 9598 9728 8822 9290 9818 8898 8185 9677
23 3167 489 6418 8783 6329 6747 9401 8370 8784 9138 9822 8883 9361 9554 9335 9488 9041 8853 8837 9703 8636 8417 8279
12 3156 1664 8509 6767 8020 6851 9487 8146 9497 9539 9433 9868
1 3090
21 3055 585 9733 6662 8978 8653 9761 9481 8631 9667 9592 9006 9163 9293 8922 9895 9502 9434 8515 8939 8582
11 2949 3708 9968 9894 9231 9893 9217 9467 8541 8396 8137
1 2920
1 2735
1 2917
15 2883 768 9852 7666 9712 9737 8667 8857 8911 9400 9173 8886 9555 9146 9227
1 2720
23 3555 5406 2278 7849 7180 7891 9871 9475 8742 8682 9516 8987 9934 8935 9704 9060 9285 8899 9203 9567 9307 9721 8174
5 3654 9983 9425 8944 9404
1 3855
11 2695 6694 6654 9246 7444 9943 8924 8866 9371 9714 8210
11 2581 9994 9423 8927 9197 9759 8943 8455 8654 8168 8131
1 2571
1 2519
1 2465
1 2432
8 2384 9978 8946 9310 8707 9656 9747 9829
22 2356 583 7911 7064 7846 8328 9011 9743 9002 8615 9644 8963 8961 9460 9725 9825 9892 9794 9854 8717 8503 9304
24 2316 2941 7229 7129 8435 6004 8554 9557 8951 9364 8956 9701 8952 9230 9110 9798 9091 9663 8829 9772 8877 8468 9097 8091
22 2247 5027 7455 9137 6558 8574 9286 9314 9429 9858 8617 9812 9106 8534 9183 9597 9050 9076 9689 8685 8561 8331
1 2135
14 1992 61 1973 9950 9498 9244 9899 9108 9178 9338 9781 8424 8226 8850
15 1776 9901 7210 7319 8521 9620 8973 9062 9652 9333 9709 9366 9686 9903 9693
1 1867
19 1757 4214 7287 6199 9306 9320 8902 9419 8940 9232 9370 8741 9658 9616 8966 9672 9266 9198 9215
1 1560
10 1543 3103 6965 8302 7575 9946 9580 9024 8884 8215
1 1515
1 1335
12 1315 7952 9291 6485 6879 9908 9367 8828 8639 9123 8701 8054
15 1305 1005 9449 9874 8645 9441 9221 9384 9572 9032 9713 9648 8482 8374 8124
19 1273 157 6361 3410 8557 6877 8447 8766 9116 9537 8747 9288 9157 9023 9150 9269 9683 9059 9115
1 1209
13 1178 9949 9054 9593 9237 9416 8992 9047 8734 9129 9560 9776 8069
12 1138 8728 9670 7889 8323 9078 9628 9625 9109 9031 8945 9824
7 1135 9967 9206 9200 9601 9753 8199
1 2061
9 1105 9845 8597 9584 8523 9278 9327 9102 9360
17 1097 445 8179 6794 8892 8434 8989 9579 9826 9355 9258 9343 8709 8919 8669 9196 8519
1 1066
6 719 9925 9907 8897 8594 8202
1 769
22 713 741 6160 8055 9691 9012 9382 9511 9527 9842 9731 9729 9624 9240 8917 9828 9591 9615 8825 8633 9396 8332
1 700
1 677
1 672
1 606
22 957 113 7398 7704 9595 9191 9353 9182 8785 8970 9817 8598 8916 9213 9331 9748 9342 8846 9340 8683 8538 8722
10 961 297 6529 7357 6786 8192 9924 8923 9782 8947
14 1040 7318 7993 8739 8224 9654 9165 9478 9019 9942 8735 8392 9827 8053
16 2015 9947 9262 9833 9268 8903 9395 8971 9081 9271 9690 9446 8442 9635 8232 9906
1 2559
13 3988 1993 8271 7116 7585 9385 9610 8796 9604 8996 8721 8811 9723
18 568 8587 7687 6884 9806 8803 9177 8610 9082 9022 9337 9372 9590 9260 8888 9259 8308 8543
11 563 9923 9741 9754 9170 9445 8845 9301 9749 8405 8196
19 549 4948 9851 8915 8868 9199 8652 9687 9330 8997 9835 9079 9211 8914 8983 9257 9220 9281 8002
1 519
20 474 7799 9402 8104 7638 9118 9889 9424 9623 8533 8988 8986 9674 9096 9040 9521 8724 9494 8612 8282
1 423
19 303 622 9698 8425 6150 9702 9576 8686 9911 8760 9574 9879 9930 9055 9931 9642 8452 8336 8084
1 222
17 273 734 9864 9769 9647 9611 9324 9784 9162 9344 9491 8716 9746 8532 9214 8267 8377
8 203 9969 9762 8975 9773 8572 8409 8251
1 187
1 88
14 117 3471 2507 8158 6159 8588 8419 9209 9742 9028 9720 8661 8819 9530
1 84
0
0
0
0
0
0
0
0
0
0
0
0
0
0
0
0
0
0
0
0
0
0
0
0
0
0
0
0
0
0
0
0
0
0
0
0
0
0
0
0
0
0
0
0
0
0
0
0
0
0
0
0
0
0
0
0
0
0
0
0
0
0
0
0
0
0
0
0
0
0
0
0
0
0
0
0
0
0
0
0
0
0
0
0
0
0
0
0
0
0
0
0
0
0
0
0
0
0
0
0
0
0
0
0
0
0
0
0
0
0
0
0
0
0
0
0
0
0
0
0
0
0
0
0
0
0
0
0
0
0
0
0
0
0
0
0
0
0
0
0
0
0
0
0
0
0
0
0
0
0
0
0
0
0
0
0
0
0
0
0
0
0
0
0
0
0
0
0
0
0
0
0
0
0
0
0
0
0
0
0
0
0
0
0
0
0
0
0
0
0
0
0
