58 9999 9859 9754 9683 9629 9584 9501 9464 9377 9317 9205 9085 9003 8897 8765 8677 8584 8457 8408 8270 8135 8026 7923 7843 7790 7687 7613 7520 7430 7327 7280 7213 7120 7065 7001 6959 6903 6833 6758 6656 6562 6476 6398 6313 6227 6136 6063 6016 5894 5827 5744 5688 5571 5553 5500 5424 5382 5337
62 9998 9861 9778 9721 9639 9590 9521 9420 9304 9235 9172 9096 8998 8966 8932 8905 8857 8794 8714 8658 8582 8528 8395 8346 8262 8155 8099 8056 8025 7944 7873 7778 7625 7557 7472 7395 7259 7231 7190 7111 7013 6914 6841 6718 6678 6622 6527 6447 6343 6276 6225 6161 6078 6046 5971 5866 5783 5719 5607 5514 5439 5300
58 9997 9871 9767 9672 9625 9541 9451 9355 9291 9158 9149 9092 9034 8965 8868 8771 8653 8594 8519 8494 8425 8306 8217 8192 8101 8022 7953 7831 7731 7668 7579 7436 7324 7253 7165 7036 6990 6943 6879 6832 6765 6644 6514 6367 6324 6230 6079 6025 5906 5843 5773 5653 5587 5551 5474 5371 5267 5247
62 9996 9810 9735 9688 9603 9529 9439 9396 9318 9249 9161 9109 9036 8942 8885 8817 8698 8670 8560 8438 8334 8254 8141 8040 7974 7874 7819 7781 7695 7637 7531 7445 7335 7304 7250 7151 7064 7038 7033 6966 6928 6854 6814 6680 6595 6484 6395 6318 6279 6216 6121 5992 5883 5816 5753 5634 5584 5452 5419 5389 5368 5270
59 9995 9842 9812 9746 9676 9578 9489 9412 9331 9239 9131 9090 9053 8936 8832 8743 8654 8633 8543 8466 8378 8288 8162 8039 7910 7854 7779 7699 7623 7545 7503 7441 7386 7294 7216 7158 7040 6918 6799 6712 6671 6567 6472 6381 6297 6172 6103 6048 5955 5892 5868 5767 5726 5605 5503 5444 5347 5306 5232
65 9994 9844 9776 9738 9701 9595 9485 9409 9324 9237 9160 9076 9011 8856 8776 8707 8651 8570 8484 8434 8403 8283 8166 8095 8063 7994 7907 7817 7705 7677 7602 7515 7442 7392 7372 7243 7163 7100 7007 6932 6889 6822 6754 6717 6673 6614 6547 6496 6385 6268 6195 6154 6065 6002 5954 5878 5775 5723 5662 5592 5559 5486 5404 5326 5244
66 9993 9895 9818 9692 9596 9497 9418 9369 9329 9214 9103 9012 8940 8862 8782 8746 8701 8589 8511 8417 8327 8273 8181 8103 7998 7938 7863 7786 7722 7689 7628 7558 7525 7444 7356 7273 7238 7125 7080 6988 6877 6792 6748 6695 6594 6564 6518 6439 6337 6206 6155 6101 6030 5979 5889 5800 5765 5661 5640 5550 5471 5432 5395 5329 5262 5213
63 9992 9828 9718 9607 9488 9438 9384 9308 9271 9154 9111 8995 8930 8907 8801 8719 8606 8535 8478 8398 8357 8279 8191 8152 8082 8046 7963 7839 7777 7708 7627 7542 7448 7385 7337 7293 7221 7179 7105 6986 6857 6772 6714 6633 6578 6479 6390 6261 6173 6068 6033 5928 5918 5839 5730 5681 5599 5468 5408 5364 5332 5257 5194
57 9991 9891 9795 9714 9653 9594 9484 9385 9306 9223 9083 8984 8923 8878 8820 8769 8644 8573 8475 8325 8253 8182 8118 8068 8050 7948 7925 7862 7761 7692 7598 7521 7429 7340 7211 7145 7076 6964 6911 6808 6692 6610 6512 6436 6312 6275 6221 6108 6017 5914 5835 5698 5588 5524 5428 5334 5229
58 9990 9889 9806 9708 9643 9572 9490 9426 9361 9286 9204 9108 8981 8888 8870 8770 8696 8585 8522 8453 8400 8309 8260 8241 8145 8041 7902 7759 7685 7610 7501 7376 7317 7263 7168 7072 7032 6898 6782 6719 6559 6433 6369 6296 6223 6128 6090 5987 5911 5829 5758 5684 5576 5539 5493 5405 5353 5234
62 9989 9903 9798 9667 9527 9448 9379 9275 9176 9124 9080 9022 8899 8865 8815 8729 8625 8577 8506 8443 8414 8360 8255 8137 8058 7965 7882 7847 7735 7641 7582 7502 7438 7408 7336 7256 7180 7119 7035 6958 6876 6813 6724 6662 6612 6561 6473 6338 6291 6229 6153 6102 5981 5887 5813 5720 5635 5570 5487 5394 5330 5235
57 9988 9913 9835 9685 9620 9524 9468 9338 9248 9123 9025 8953 8886 8775 8680 8624 8489 8389 8307 8244 8167 8031 8000 7916 7824 7748 7702 7621 7554 7435 7333 7266 7094 7049 6941 6840 6805 6733 6638 6571 6487 6450 6373 6204 6129 6060 5963 5916 5845 5796 5774 5716 5601 5518 5426 5298 5208
63 9987 9876 9763 9696 9633 9565 9525 9443 9400 9298 9233 9133 9075 9042 8978 8864 8711 8630 8595 8583 8495 8421 8333 8291 8242 8188 8119 8074 7977 7906 7802 7719 7639 7566 7490 7420 7303 7182 7106 7014 6860 6793 6731 6628 6531 6501 6418 6316 6184 6133 6088 6027 5973 5882 5815 5734 5685 5542 5447 5385 5312 5248 5183
60 9986 9846 9782 9727 9621 9535 9492 9447 9419 9363 9245 9183 9060 9024 8904 8831 8740 8676 8592 8488 8339 8281 8227 8203 8159 8061 7958 7861 7784 7638 7530 7443 7369 7289 7223 7146 7057 7008 6976 6862 6816 6730 6670 6608 6542 6408 6326 6302 6208 6143 6015 5961 5820 5710 5670 5492 5411 5331 5263 5225
60 9985 9867 9725 9644 9577 9454 9358 9252 9221 9126 9049 9008 8924 8825 8744 8699 8640 8602 8502 8454 8363 8216 8168 8117 8036 7979 7894 7776 7663 7592 7523 7391 7254 7147 7088 7005 6961 6899 6763 6728 6649 6583 6442 6355 6289 6205 6151 6007 5960 5858 5786 5711 5672 5578 5527 5464 5438 5315 5251 5191
59 9984 9883 9796 9748 9661 9531 9465 9391 9284 9188 9121 8991 8926 8874 8742 8623 8562 8508 8441 8371 8247 8164 8120 8060 7975 7926 7797 7757 7674 7600 7478 7373 7310 7245 7198 7117 7054 6974 6873 6784 6634 6577 6467 6350 6282 6182 6123 6023 5983 5871 5729 5637 5560 5504 5423 5367 5314 5211 5146
55 9983 9809 9723 9610 9550 9431 9364 9270 9201 9061 8962 8880 8824 8722 8646 8536 8409 8322 8226 8136 8049 7961 7848 7815 7709 7648 7577 7549 7508 7434 7388 7248 7197 7083 7011 6888 6789 6690 6581 6456 6393 6272 6215 6149 6110 6040 5915 5831 5728 5624 5543 5422 5305 5212 5131
61 9982 9854 9758 9654 9551 9471 9417 9351 9300 9207 9101 9020 8969 8849 8814 8697 8567 8492 8458 8392 8364 8300 8256 8163 8092 8019 7927 7877 7836 7772 7729 7678 7630 7536 7456 7396 7291 7175 7103 6978 6930 6858 6775 6701 6623 6545 6434 6348 6240 6140 6064 5965 5925 5828 5772 5693 5651 5554 5469 5374 5279
62 9981 9893 9784 9720 9677 9627 9549 9479 9380 9294 9229 9178 9130 9094 9018 8925 8804 8739 8684 8637 8575 8437 8372 8290 8221 8161 8076 8010 7887 7840 7747 7658 7588 7496 7425 7339 7282 7232 7205 7115 7043 6968 6878 6845 6720 6641 6523 6435 6379 6270 6178 6075 5946 5855 5781 5676 5619 5597 5561 5445 5317 5236
55 9980 9843 9819 9743 9623 9581 9502 9346 9283 9208 9058 8964 8913 8805 8666 8569 8460 8353 8229 8109 8024 7951 7885 7789 7732 7633 7564 7464 7363 7326 7284 7201 7138 7052 6994 6871 6823 6751 6607 6492 6349 6248 6181 6081 5995 5897 5810 5694 5600 5530 5453 5402 5319 5283 5140
61 9978 9887 9734 9637 9585 9455 9394 9323 9263 9224 9171 9081 9035 8916 8842 8779 8671 8512 8413 8373 8298 8213 8183 8110 8067 8001 7903 7879 7787 7683 7607 7484 7440 7338 7246 7148 7041 6975 6925 6872 6844 6744 6697 6597 6477 6411 6307 6238 6175 6052 5972 5873 5761 5697 5657 5572 5431 5350 5309 5264 5170
62 9979 9894 9813 9749 9659 9612 9560 9494 9392 9303 9218 9119 9052 8980 8892 8833 8717 8607 8548 8479 8384 8292 8218 8129 8048 7991 7871 7832 7767 7710 7618 7527 7482 7432 7397 7359 7296 7278 7166 7069 6971 6923 6830 6738 6660 6582 6481 6410 6335 6303 6246 6164 6066 5959 5903 5822 5739 5585 5511 5417 5338 5272
61 9977 9908 9839 9762 9731 9608 9509 9388 9295 9226 9166 9116 9044 8968 8867 8735 8682 8619 8563 8525 8463 8380 8308 8215 8122 8037 7993 7893 7742 7656 7544 7439 7358 7306 7265 7181 7089 6979 6933 6901 6818 6734 6658 6606 6549 6459 6386 6330 6300 6212 6106 6083 6054 5977 5862 5798 5622 5568 5483 5365 5209
59 9976 9882 9823 9766 9709 9642 9564 9461 9370 9243 9200 9086 9050 8979 8873 8829 8749 8652 8598 8538 8491 8386 8245 8193 8090 7985 7928 7806 7727 7642 7563 7485 7428 7348 7270 7152 7081 7045 6947 6849 6760 6703 6598 6539 6485 6345 6256 6201 6134 6032 5950 5853 5825 5740 5664 5596 5531 5421 5318
62 9975 9910 9824 9755 9699 9640 9583 9556 9508 9372 9321 9198 9117 9021 8990 8900 8767 8618 8505 8387 8297 8197 8112 7996 7933 7844 7760 7650 7568 7526 7505 7354 7267 7222 7157 7053 6949 6875 6803 6726 6657 6566 6499 6424 6380 6310 6198 6146 6118 6092 5969 5899 5849 5780 5717 5639 5545 5485 5410 5324 5274 5205
58 9974 9840 9789 9668 9574 9507 9416 9389 9343 9285 9206 9151 9054 8971 8894 8828 8737 8661 8588 8498 8375 8211 8081 7968 7908 7855 7754 7707 7652 7572 7500 7400 7312 7224 7061 7002 6902 6839 6798 6755 6554 6458 6370 6298 6185 6104 6031 5949 5857 5806 5750 5669 5594 5488 5403 5294 5237 5176
53 9973 9837 9724 9569 9518 9367 9264 9216 9118 9047 8994 8901 8764 8683 8599 8465 8331 8198 8157 8070 8033 7949 7911 7768 7653 7546 7450 7403 7345 7220 7131 7056 7016 6969 6824 6768 6664 6511 6437 6389 6336 6304 6255 6186 6021 5909 5840 5731 5650 5536 5427 5308 5243
60 9972 9849 9777 9679 9602 9512 9491 9402 9335 9315 9257 9145 9032 8927 8911 8808 8725 8629 8542 8459 8411 8311 8231 8151 8047 8005 7960 7878 7825 7739 7655 7573 7475 7411 7311 7255 7196 7144 7067 6984 6882 6752 6707 6646 6591 6540 6420 6372 6295 6159 6058 5970 5834 5770 5690 5608 5502 5376 5286 5233
56 9971 9875 9811 9772 9678 9614 9473 9403 9297 9213 9031 8935 8866 8797 8694 8553 8518 8444 8376 8337 8313 8265 8190 8127 8029 7899 7805 7745 7620 7570 7488 7398 7389 7235 7110 7027 6935 6884 6795 6715 6669 6609 6574 6522 6471 6387 6280 6213 6119 5968 5799 5655 5546 5442 5307 5222
64 9970 9911 9868 9786 9713 9616 9555 9505 9463 9326 9253 9128 8939 8887 8854 8810 8730 8648 8590 8483 8440 8324 8207 8131 8052 8002 7881 7821 7711 7643 7597 7516 7463 7383 7240 7150 7096 6991 6956 6886 6829 6771 6700 6635 6604 6550 6490 6427 6364 6231 6169 6097 6056 5988 5917 5861 5760 5677 5590 5505 5433 5336 5268 5238
56 9967 9864 9726 9648 9626 9559 9498 9376 9311 9258 9163 9065 8976 8827 8783 8731 8610 8544 8452 8338 8296 8220 8093 8006 7934 7816 7744 7640 7575 7486 7405 7272 7210 7095 6999 6937 6870 6797 6674 6556 6478 6399 6334 6269 6200 6080 5974 5870 5818 5703 5628 5477 5387 5335 5266 5147
57 9969 9851 9788 9651 9545 9493 9428 9292 9261 9211 9097 8988 8871 8781 8700 8668 8578 8474 8388 8264 8171 8044 7989 7945 7859 7788 7682 7654 7635 7580 7498 7329 7128 7062 7000 6843 6759 6687 6640 6611 6498 6363 6277 6162 6085 6045 5921 5864 5778 5743 5701 5648 5575 5513 5455 5285 5215
64 9968 9832 9759 9674 9562 9452 9352 9293 9209 9147 9089 9016 8949 8834 8795 8748 8693 8643 8593 8580 8509 8451 8379 8352 8302 8268 8230 8086 7995 7947 7845 7758 7720 7601 7528 7433 7362 7316 7214 7140 7082 6981 6896 6753 6665 6626 6585 6475 6377 6294 6218 6138 6020 5976 5901 5793 5715 5623 5521 5473 5384 5327 5265 5139
62 9966 9865 9792 9703 9605 9538 9450 9325 9265 9177 9132 9017 8929 8845 8741 8675 8627 8496 8468 8412 8330 8232 8062 7984 7943 7822 7793 7676 7632 7533 7483 7412 7334 7290 7268 7194 7086 7028 6916 6835 6770 6691 6631 6587 6505 6403 6323 6247 6157 6116 6034 5967 5932 5850 5680 5604 5525 5495 5436 5351 5220 5122
62 9964 9900 9805 9710 9604 9553 9517 9429 9305 9255 9184 9048 8989 8912 8798 8685 8650 8547 8532 8410 8319 8263 8209 8142 8064 7976 7952 7810 7750 7724 7616 7539 7449 7341 7244 7137 7112 7012 6952 6893 6743 6621 6520 6446 6421 6352 6265 6217 6132 6039 5964 5926 5876 5805 5727 5610 5563 5519 5457 5396 5344 5219
62 9965 9866 9822 9779 9641 9561 9487 9401 9381 9227 9156 9074 8985 8919 8839 8785 8713 8656 8565 8476 8406 8350 8275 8184 8138 8088 8004 7912 7841 7775 7681 7599 7510 7473 7424 7384 7319 7193 7068 6962 6890 6820 6723 6661 6575 6524 6466 6374 6317 6249 6170 6107 6073 6003 5881 5790 5745 5636 5516 5475 5378 5269
64 9963 9917 9874 9800 9730 9686 9540 9482 9446 9414 9320 9290 9240 9155 9043 8973 8896 8772 8688 8612 8564 8467 8405 8341 8287 8175 8098 8032 7940 7900 7811 7703 7675 7553 7489 7401 7305 7233 7154 7022 6967 6897 6779 6698 6603 6529 6468 6396 6288 6211 6171 6135 6050 5982 5953 5872 5803 5722 5683 5580 5496 5406 5363 5290
58 9962 9899 9845 9732 9666 9586 9475 9411 9342 9259 9190 9105 9051 8950 8883 8811 8728 8655 8556 8487 8365 8314 8238 8176 8094 8011 7888 7756 7603 7518 7446 7298 7200 7091 7024 6926 6868 6796 6663 6588 6494 6366 6325 6260 6111 6026 5924 5867 5804 5712 5625 5566 5535 5510 5462 5388 5292 5221
63 9961 9888 9775 9694 9652 9606 9516 9449 9373 9276 9144 9104 9046 8977 8909 8763 8708 8613 8576 8482 8429 8320 8266 8172 8149 8114 8051 7959 7913 7809 7743 7651 7586 7462 7315 7260 7208 7136 7084 7037 6954 6887 6794 6737 6651 6576 6526 6462 6391 6308 6209 6095 6037 5957 5884 5779 5732 5665 5582 5522 5451 5320 5223
58 9960 9877 9771 9669 9566 9532 9425 9357 9273 9202 9135 9007 8945 8891 8813 8757 8732 8673 8604 8517 8430 8393 8328 8249 8169 8106 7970 7883 7782 7662 7609 7535 7476 7421 7394 7331 7206 7108 6992 6927 6851 6777 6693 6586 6470 6328 6233 6139 6112 6035 5913 5782 5643 5557 5481 5369 5278 5255
59 9959 9836 9751 9687 9649 9573 9506 9453 9312 9242 9191 9110 9056 8987 8902 8848 8806 8738 8667 8601 8526 8404 8301 8250 8140 8034 8012 7904 7865 7814 7753 7706 7595 7522 7378 7227 7127 7039 6921 6827 6774 6704 6558 6483 6429 6356 6278 6197 6127 6077 5945 5851 5768 5654 5593 5540 5470 5372 5297
60 9958 9890 9780 9634 9552 9520 9408 9327 9280 9230 9167 9099 8993 8847 8768 8721 8631 8574 8503 8427 8356 8316 8225 8174 8075 7891 7835 7765 7684 7606 7540 7499 7353 7261 7177 7114 7055 6960 6834 6783 6694 6642 6573 6497 6426 6320 6174 6067 5980 5910 5830 5759 5675 5618 5558 5479 5413 5293 5188 5169
61 9957 9814 9740 9624 9554 9523 9440 9360 9269 9139 9033 8958 8863 8784 8762 8703 8616 8510 8436 8390 8312 8239 8186 8123 8072 8017 7986 7890 7801 7714 7690 7631 7581 7466 7393 7342 7251 7135 7021 6915 6815 6741 6683 6618 6541 6488 6417 6346 6253 6193 6120 6024 5952 5908 5856 5811 5738 5603 5478 5418 5295
65 9956 9914 9815 9690 9568 9513 9421 9382 9319 9256 9164 9134 9039 8951 8920 8859 8821 8774 8657 8551 8455 8407 8345 8332 8271 8158 8071 7981 7918 7875 7808 7770 7688 7605 7513 7381 7325 7302 7219 7178 7066 6944 6909 6825 6709 6620 6543 6441 6404 6339 6263 6126 6042 5989 5886 5766 5649 5555 5459 5425 5379 5342 5310 5204 5171
59 9955 9886 9770 9628 9511 9397 9310 9212 9175 9006 8931 8898 8855 8777 8726 8614 8537 8481 8351 8274 8194 8091 8038 7983 7920 7857 7771 7666 7574 7459 7417 7387 7276 7215 7160 7118 7050 7004 6940 6853 6790 6708 6584 6519 6371 6234 6145 6087 6053 6019 5975 5890 5833 5724 5673 5583 5501 5383 5346
58 9953 9916 9878 9764 9689 9547 9457 9356 9288 9152 9078 9023 8986 8921 8823 8750 8681 8586 8490 8450 8374 8237 8208 8121 8030 7915 7807 7746 7713 7634 7550 7460 7350 7281 7237 7188 7126 7031 6892 6847 6739 6627 6553 6513 6425 6347 6311 6190 6071 5920 5817 5754 5620 5532 5450 5375 5303 5218
59 9954 9884 9831 9790 9706 9599 9526 9386 9277 9195 9102 9029 8970 8928 8889 8812 8702 8571 8516 8432 8335 8234 8108 8015 7929 7868 7783 7726 7660 7524 7491 7453 7346 7226 7153 7030 6906 6807 6713 6613 6546 6507 6482 6419 6351 6271 6224 6183 6072 6018 5935 5885 5791 5756 5687 5606 5523 5392 5277
55 9952 9880 9799 9658 9587 9542 9407 9225 9179 9114 9028 9014 8922 8800 8687 8513 8447 8397 8367 8286 8185 8111 8027 7924 7794 7740 7672 7555 7455 7357 7229 7187 7141 7047 6939 6865 6786 6716 6592 6515 6409 6321 6202 6115 6041 5978 5875 5795 5696 5533 5454 5415 5352 5242 5187
64 9951 9898 9785 9750 9698 9589 9519 9437 9340 9316 9236 9182 9098 9038 8961 8915 8838 8780 8695 8686 8617 8507 8359 8277 8235 8139 8080 7980 7932 7864 7795 7700 7624 7517 7423 7371 7299 7230 7173 7124 7113 7026 6963 6885 6806 6679 6580 6506 6432 6333 6244 6152 6038 5942 5859 5785 5706 5630 5544 5465 5400 5349 5271 5201
56 9950 9907 9853 9802 9757 9684 9609 9543 9422 9350 9279 9189 9037 8982 8959 8882 8747 8649 8608 8557 8469 8383 8240 8146 7997 7942 7870 7762 7614 7537 7487 7409 7258 7078 6993 6863 6826 6696 6617 6528 6464 6357 6219 6122 6055 5994 5900 5838 5777 5700 5652 5616 5506 5397 5373 5284
57 9949 9879 9793 9680 9622 9478 9404 9322 9194 9127 9068 8948 8819 8792 8690 8639 8545 8449 8396 8348 8246 8187 8097 8013 7969 7897 7837 7752 7679 7565 7511 7471 7374 7241 7185 7090 7059 6987 6869 6764 6676 6602 6525 6406 6292 6232 6166 6070 6001 5902 5812 5713 5617 5537 5440 5275 5210
59 9948 9817 9729 9675 9598 9500 9445 9387 9287 9250 9203 9088 9010 8917 8860 8790 8706 8638 8540 8446 8399 8355 8294 8170 8105 8020 7941 7856 7725 7619 7596 7548 7477 7382 7297 7161 7133 6985 6842 6776 6699 6579 6460 6384 6327 6207 6160 6076 5999 5877 5854 5771 5737 5633 5528 5456 5380 5296 5196
57 9947 9830 9783 9739 9647 9530 9481 9398 9313 9247 9222 9148 9093 9026 9000 8853 8778 8745 8674 8546 8470 8402 8323 8233 8128 8077 7950 7858 7823 7721 7649 7538 7437 7404 7308 7159 7121 7044 6973 6861 6742 6654 6616 6544 6455 6401 6251 6142 6009 5898 5824 5741 5627 5508 5463 5361 5280
59 9946 9902 9855 9728 9636 9476 9362 9268 9120 9063 8983 8895 8850 8759 8672 8591 8541 8439 8377 8340 8272 8195 8115 8028 7936 7853 7764 7698 7604 7480 7402 7365 7323 7184 7139 7023 6938 6913 6850 6781 6732 6677 6624 6538 6415 6365 6203 6124 5986 5836 5764 5735 5667 5526 5458 5401 5313 5282 5217
60 9945 9896 9848 9765 9736 9664 9591 9546 9410 9353 9289 9142 9045 8997 8956 8872 8793 8716 8600 8566 8504 8391 8318 8258 8160 8104 8021 7860 7769 7723 7617 7468 7427 7313 7274 7183 7116 7010 6900 6767 6688 6645 6565 6517 6448 6329 6252 6220 6163 6029 5944 5865 5848 5776 5705 5638 5567 5466 5398 5321
64 9944 9892 9820 9695 9631 9537 9433 9359 9244 9210 9173 9071 8946 8893 8841 8760 8718 8659 8603 8533 8480 8418 8342 8212 8116 8018 7955 7876 7796 7696 7673 7608 7567 7506 7415 7322 7234 7171 7101 7046 6917 6848 6810 6745 6706 6668 6589 6533 6500 6451 6382 6287 6228 6062 5962 5891 5807 5674 5612 5552 5482 5416 5362 5252
62 9943 9872 9773 9705 9600 9515 9459 9393 9260 9193 9077 8996 8938 8807 8753 8641 8558 8461 8426 8349 8280 8223 8178 8124 8073 8003 7869 7804 7741 7646 7578 7547 7465 7375 7264 7191 7077 7019 6950 6855 6780 6685 6629 6489 6430 6360 6290 6189 6144 6061 5997 5927 5863 5797 5707 5647 5565 5490 5407 5323 5276 5249
56 9942 9826 9791 9700 9646 9539 9460 9332 9220 9150 9067 9002 8906 8754 8678 8635 8568 8520 8401 8315 8261 8148 8087 7987 7896 7780 7629 7492 7458 7352 7203 7075 6997 6931 6766 6672 6605 6560 6503 6463 6414 6332 6285 6187 6089 5993 5905 5841 5755 5702 5646 5589 5497 5355 5260 5200
57 9941 9808 9697 9663 9470 9365 9282 9192 9057 8954 8876 8809 8755 8660 8555 8515 8471 8445 8361 8317 8259 8196 8083 8016 7971 7884 7791 7691 7622 7512 7413 7370 7318 7242 7186 7098 6989 6942 6904 6838 6761 6615 6469 6394 6309 6226 6096 6011 5941 5809 5763 5668 5614 5538 5430 5360 5291
58 9940 9904 9825 9737 9707 9611 9544 9466 9366 9262 9186 9091 9013 8941 8818 8766 8664 8615 8572 8462 8368 8305 8236 8189 8126 8053 7905 7849 7799 7715 7571 7509 7416 7349 7321 7195 7087 6996 6945 6891 6811 6689 6534 6491 6428 6315 6236 6188 6125 6082 6008 5936 5826 5721 5598 5437 5358 5258
61 9939 9912 9833 9768 9660 9635 9592 9528 9405 9344 9232 9136 9087 9009 8947 8890 8836 8704 8634 8581 8523 8428 8369 8321 8269 8173 8085 8008 7921 7827 7697 7560 7470 7390 7320 7257 7202 7143 7063 6965 6919 6880 6785 6686 6535 6452 6400 6314 6250 6177 6100 6043 5966 5933 5821 5689 5645 5581 5491 5356 5240
58 9938 9829 9716 9582 9504 9415 9341 9302 9197 9141 9055 9005 8875 8799 8723 8645 8561 8472 8381 8282 8199 8069 7973 7872 7763 7626 7562 7454 7406 7347 7279 7212 7130 7018 6934 6856 6802 6721 6653 6636 6569 6454 6362 6267 6222 6141 6047 6013 5907 5860 5789 5699 5656 5579 5512 5399 5289 5181
58 9937 9915 9881 9803 9715 9665 9630 9576 9480 9430 9345 9231 9159 9072 8937 8840 8736 8611 8530 8419 8304 8267 8200 8079 7922 7812 7773 7738 7686 7569 7407 7332 7269 7155 7085 7006 6957 6894 6804 6684 6655 6521 6423 6375 6293 6196 6094 6006 5947 5792 5746 5671 5611 5541 5480 5393 5359 5226
63 9936 9885 9807 9744 9691 9613 9499 9406 9349 9251 9157 9129 9106 8955 8881 8835 8789 8705 8665 8552 8423 8289 8201 8054 7966 7901 7829 7774 7734 7645 7556 7494 7414 7368 7287 7199 7109 7003 6951 6895 6749 6667 6557 6440 6405 6361 6241 6180 6137 6098 6022 5931 5847 5747 5659 5602 5529 5448 5381 5348 5325 5253 5143
58 9934 9918 9873 9760 9655 9588 9563 9472 9328 9246 9168 9082 9027 8952 8869 8796 8692 8632 8531 8464 8385 8303 8222 8102 8007 7935 7846 7737 7611 7532 7431 7262 7176 7104 6998 6912 6866 6801 6650 6552 6508 6444 6368 6266 6210 6091 6004 5929 5837 5725 5663 5586 5549 5461 5377 5301 5250 5206
57 9935 9869 9693 9618 9495 9436 9348 9296 9215 9181 9115 9004 8816 8734 8689 8597 8521 8415 8293 8210 8177 8130 8066 7982 7937 7838 7736 7667 7583 7467 7377 7277 7189 7097 7025 6864 6769 6736 6682 6599 6495 6407 6319 6262 6199 6084 6028 5956 5874 5788 5748 5644 5562 5507 5420 5340 5214
58 9933 9841 9742 9702 9656 9593 9503 9442 9368 9299 9174 9095 8992 8884 8773 8691 8622 8539 8485 8416 8382 8257 8153 8113 8009 7895 7792 7694 7552 7474 7419 7301 7247 7156 7060 6946 6852 6809 6787 6666 6601 6537 6504 6465 6378 6286 6165 6086 5985 5922 5832 5733 5609 5498 5412 5345 5299 5228
56 9932 9858 9827 9781 9761 9681 9558 9434 9347 9241 9185 9112 9001 8918 8837 8751 8712 8620 8499 8370 8276 8165 8057 7978 7946 7898 7867 7813 7664 7589 7493 7422 7364 7295 7204 7123 7015 6936 6812 6762 6722 6630 6509 6402 6301 6242 6114 6014 5958 5895 5808 5736 5660 5548 5443 5288
59 9931 9897 9787 9733 9662 9617 9486 9424 9333 9281 9153 9062 8963 8914 8787 8621 8497 8394 8284 8180 8096 7957 7886 7798 7712 7671 7612 7507 7361 7330 7307 7249 7174 7093 6983 6924 6881 6836 6778 6725 6675 6596 6551 6480 6422 6388 6306 6239 6158 5991 5930 5869 5787 5718 5621 5499 5366 5304 5259
55 9930 9863 9797 9756 9704 9571 9514 9469 9395 9354 9330 9219 9199 9040 8852 8733 8609 8534 8486 8422 8344 8278 8228 8144 8043 7967 7834 7751 7670 7504 7457 7380 7285 7228 7142 7029 6955 6867 6746 6710 6647 6548 6416 6354 6273 6214 6074 5912 5762 5695 5641 5595 5472 5357 5245
60 9929 9906 9870 9769 9717 9619 9557 9462 9337 9228 9162 9122 9019 8944 8803 8715 8628 8550 8435 8310 8251 8107 7964 7892 7828 7749 7661 7647 7576 7481 7343 7286 7162 7042 6953 6910 6821 6740 6659 6572 6445 6376 6281 6176 6148 6130 6059 6005 5948 5888 5819 5751 5691 5658 5569 5517 5441 5391 5316 5241
56 9928 9852 9711 9632 9536 9467 9399 9339 9274 9137 9070 8975 8908 8826 8752 8663 8579 8442 8366 8224 8143 8045 7988 7930 7833 7718 7680 7657 7587 7551 7447 7351 7288 7192 7129 7020 6883 6750 6711 6648 6530 6358 6299 6283 6237 6147 6099 6012 5919 5814 5708 5631 5556 5467 5333 5216
58 9926 9905 9834 9804 9682 9601 9522 9458 9423 9378 9307 9146 9073 9015 8967 8861 8761 8662 8605 8473 8343 8204 8150 8078 7962 7914 7818 7730 7665 7593 7534 7399 7328 7283 7164 7058 7009 6907 6817 6705 6619 6563 6453 6331 6243 6191 6150 6093 5943 5904 5802 5714 5629 5520 5449 5354 5302 5227
57 9927 9860 9821 9745 9650 9567 9477 9413 9309 9254 9217 9165 9069 8943 8846 8758 8679 8596 8501 8448 8329 8205 8084 7992 7919 7866 7785 7693 7615 7541 7452 7366 7239 7172 7092 7051 6920 6831 6756 6632 6590 6474 6413 6353 6305 6245 6168 6057 5951 5880 5709 5666 5591 5484 5343 5287 5195
60 9925 9857 9741 9657 9597 9534 9483 9441 9375 9272 9180 9107 8972 8877 8802 8669 8587 8529 8433 8358 8252 8206 8156 8089 8035 8023 7909 7851 7803 7755 7659 7584 7514 7451 7379 7275 7225 7149 7070 6982 6846 6729 6652 6570 6486 6397 6344 6258 6192 6113 6000 5939 5846 5752 5704 5615 5489 5446 5370 5256
54 9924 9856 9752 9645 9575 9474 9374 9238 9138 9084 9030 8974 8934 8830 8727 8647 8500 8336 8248 8154 8042 7931 7852 7830 7701 7590 7529 7461 7355 7236 7169 7099 7034 6970 6929 6874 6800 6757 6639 6555 6461 6383 6254 6167 6051 5934 5794 5757 5678 5577 5515 5409 5339 5231
63 9921 9901 9862 9801 9747 9670 9548 9432 9383 9334 9266 9196 9113 9066 8999 8910 8843 8791 8756 8642 8559 8456 8362 8214 8134 8065 8014 7939 7850 7716 7585 7519 7479 7367 7309 7218 7102 6995 6905 6828 6788 6727 6625 6532 6502 6449 6392 6322 6235 6131 6105 6049 6010 5923 5844 5769 5679 5573 5509 5435 5390 5328 5254
63 9923 9816 9712 9638 9579 9496 9444 9336 9301 9170 9079 8957 8844 8710 8549 8514 8477 8354 8295 8219 8179 8133 8055 7954 7800 7717 7669 7497 7426 7344 7292 7217 7170 7134 7073 7048 7017 6948 6859 6773 6681 6637 6593 6536 6457 6359 6284 6259 6156 6044 5984 5938 5896 5842 5784 5692 5632 5547 5476 5414 5341 5273 5197
57 9922 9850 9774 9722 9671 9615 9427 9371 9278 9187 9140 9059 8903 8822 8709 8626 8493 8420 8347 8285 8147 8100 7956 7880 7842 7766 7644 7559 7495 7418 7314 7209 7122 7074 6980 6908 6819 6747 6643 6493 6431 6342 6274 6179 6117 6036 5996 5940 5852 5742 5686 5613 5564 5434 5322 5281 5224
57 9920 9909 9847 9753 9673 9570 9510 9456 9390 9314 9234 9169 9125 9041 8933 8858 8788 8724 8636 8524 8431 8299 8202 8132 7999 7990 7917 7826 7733 7591 7543 7410 7300 7252 7167 7107 7079 6977 6922 6791 6702 6568 6516 6443 6412 6340 6264 6069 5998 5937 5893 5823 5749 5642 5574 5494 5429
57 9919 9838 9794 9719 9580 9533 9435 9267 9143 9100 9064 8960 8879 8851 8786 8720 8554 8527 8424 8326 8243 8125 8059 7972 7889 7820 7728 7704 7636 7594 7561 7469 7360 7271 7207 7132 7071 6972 6837 6735 6600 6510 6438 6341 6257 6194 6109 5990 5879 5801 5682 5626 5534 5460 5386 5311 5202
