21 296 184 80 159 133 263 198 21 29 241 157 195 147 70 118 248 289 297 154 278 173
21 216 249 134 203 290 144 156 188 244 271 207 89 90 283 138 205 223 256 240 211 2
20 180 85 246 276 136 127 63 226 91 217 239 236 177 269 25 139 219 242 120 208
24 167 275 8 299 294 137 107 200 213 230 128 14 158 253 237 48 201 112 152 206 270 189 77 165
19 168 108 148 220 273 74 129 224 214 254 121 197 140 119 265 288 262 143 151
22 116 75 260 225 285 79 277 282 146 191 160 76 287 124 196 155 252 126 233 84 169 274
19 36 88 212 259 218 261 60 281 284 295 209 163 6 131 98 266 215 279 135
21 0 41 162 161 227 187 267 57 39 174 40 204 170 73 10 101 292 280 228 272 247
0
0
0
0
0
0
0
0
0
0
0
0
0
0
0
0
0
0
0
0
0
0
0
0
0
0
0
0
0
0
0
0
0
0
0
0
0
0
0
0
0
0
0
0
0
0
0
0
0
0
0
0
0
0
0
0
0
0
0
0
0
0
0
0
0
0
0
0
0
0
0
0
0
0
0
0
0
0
0
0
0
0
0
0
0
0
0
0
0
0
0
0
