71 9861 4830 2698 2090 8152 4944 928 3201 1614 2752 4784 3266 7667 6985 7327 5323 8737 6446 2499 1725 7597 1082 525 9067 5036 3606 4456 4379 237 858 5600 4294 7043 4743 4417 2424 8490 1453 4434 9323 5958 6940 5205 5393 7879 8199 4786 4441 2602 1970 3915 2688 9541 9062 8411 8202 4426 4783 7523 5359 1266 1881 9064 5618 2895 4526 5779 1503 6121 2388 2107
69 9832 9714 2182 4878 3258 7173 7698 460 9454 6556 6485 7488 6566 941 4566 2409 5748 2179 5277 1242 135 8215 5501 2120 8801 1935 2900 2577 430 4617 9002 1401 6741 3026 1392 8713 6698 9409 4555 8158 1781 5098 2173 1231 9749 7710 5288 2458 2366 3223 6108 7905 9657 2824 4150 4450 2248 5527 8979 8165 4913 3328 4552 3024 3305 7537 6898 5208 4964
74 9738 586 7937 5147 839 182 5195 6699 2042 2640 1597 6113 6444 1562 4304 8281 2301 1238 3619 4395 9078 6764 8316 3130 2183 4095 8628 8260 8943 2050 4002 9249 5847 8352 6182 6749 7276 4776 9232 1819 8688 5662 7630 4496 4645 8480 6343 7563 9473 4987 6064 3788 6132 2733 5892 5762 6467 5190 7857 7287 5560 4798 1279 641 7677 8916 1369 4422 6157 4767 9192 9204 4171 4131
30 9670 8044 8039 8394 5952 915 49 6168 4311 9899 4391 1604 4567 9540 8442 319 9380 4953 3018 3784 1020 2083 9842 6574 5550 2153 4344 5830 8435 189
70 9151 8786 7609 1831 8568 2793 1556 2649 502 2459 6459 1429 7177 6767 7715 5522 7406 7605 6686 3858 2728 1882 841 8783 4931 5355 974 5366 3110 4019 3631 2184 140 3543 7712 2413 8675 8560 3963 2125 5076 4970 4843 7438 3085 1845 4653 8403 7366 5094 2172 8806 6391 9369 1646 7933 3712 6209 5660 4367 9353 891 6159 5780 6633 5178 2134 1268 7722 7162
34 9475 681 6603 9288 6597 5973 1113 6864 69 5483 1554 5829 7147 9462 220 91 1898 5302 1836 3234 4158 1671 4679 2513 8862 4047 3058 1557 5169 1880 116 2121 3303 603
71 9053 1808 7822 9561 7946 281 8566 9606 9219 7845 8966 795 1165 5693 5348 4231 3528 760 4809 1541 8518 3654 5502 4110 893 9375 4431 9979 1292 4667 8231 7157 6143 7346 1968 8338 5443 4340 8764 6977 5484 8720 4609 5038 2118 3539 9294 3550 2112 4711 7786 9843 4536 9722 9652 4485 9004 6569 4061 2398 1594 9143 6169 5032 9463 1540 8784 2585 6732 9163 6148
75 8450 8551 1204 8183 6347 4259 5886 3921 5387 5171 8820 4697 397 9504 6007 3079 3644 1735 8235 5406 2207 2919 1370 943 290 8617 5412 9821 4873 8861 5428 6728 7701 4045 376 5075 2845 3271 7184 4756 2714 8028 7353 5003 5272 1931 8973 9239 9005 6285 3342 6107 5684 6825 8635 6926 5873 2612 1546 4907 4366 4297 7770 4412 6377 4683 6776 8187 9645 6830 4097 7908 9481 7534 1635
29 8103 1813 9594 9688 6600 7439 4318 9811 2906 4573 5726 6125 2279 5499 3917 6036 6393 4724 5301 1120 1792 9363 8318 9029 686 7838 5611 3686 5367
72 9058 4960 4760 7229 90 7720 9366 2000 2916 8733 9175 5910 5680 1462 5654 5318 3847 8006 2644 6057 2410 2161 8974 1301 6233 4726 7761 7131 7802 7108 8413 3975 3147 4992 9081 8842 231 7035 9729 7681 4934 2108 3068 8116 8900 5799 5931 3666 2045 6870 8340 9775 3200 7204 2619 2856 6909 4741 8535 3098 1474 3988 3601 8195 5667 5432 4714 6955 5284 977 8670 6627
67 9822 4119 3123 3704 7030 4166 5492 6765 2876 8745 3259 2815 5086 5313 5783 1373 2622 385 5424 7768 9362 4185 6230 3304 2654 3313 8573 4383 1524 2852 331 9414 8066 1553 3034 4669 4421 9214 9427 9021 2379 2113 2307 4261 6839 6604 9230 9028 4154 3523 5449 6848 4296 5657 7717 2618 2203 8100 5471 5918 7843 5845 1991 7854 5240 7911 3595
68 9145 9189 2146 4671 6319 726 7031 3460 288 16 7707 5968 9263 7249 1794 81 4514 8569 1342 7675 5887 5862 5769 1477 5350 5279 1709 6976 9651 225 8446 3010 1223 7702 4277 9712 6837 9852 6302 2290 1611 7410 7064 6827 5853 2665 5625 6458 7254 8357 9399 6694 2162 4155 3135 5764 4490 4271 749 2329 7223 9580 8589 8514 6480 6173 7936 3767
67 8854 934 3902 5030 2847 2803 6214 3899 4996 350 9079 2239 9428 3757 4314 6027 6826 9585 8532 3651 6979 5570 9327 1248 9056 9720 9012 4127 5083 2124 6115 1962 7025 8915 6375 3477 7310 9564 7898 4780 5212 2174 9920 2662 7504 7749 3749 7469 5753 7465 9539 3224 1686 7289 2115 4196 652 9613 1629 6029 6722 7772 4775 8683 4014 3504 9212
67 8033 187 6423 5325 3782 3681 5966 5462 3855 2135 6922 780 7865 7239 964 2337 2489 9186 2917 8486 5763 8025 3774 4262 6914 2062 7531 4375 1698 9280 1744 9381 3514 4332 5943 815 3641 9209 3837 7129 8804 7357 7632 3414 9432 6549 6095 9638 1432 1687 7252 2553 8045 5571 8555 7281 6784 6495 9045 5729 6442 1327 4685 7555 3006 1793 4644
34 7849 1574 7313 280 3929 8205 552 6778 874 1835 5534 2767 8193 2401 9549 5224 2154 5079 5596 5875 3489 4465 3100 4889 1519 4929 7291 5509 5064 7935 2913 7007 3849 3321
32 8725 78 9445 8128 523 4568 3630 7636 6889 5566 5456 6869 4408 8681 555 5857 1865 5010 9675 9289 5425 7304 615 3379 9090 4374 8815 310 6368 5691 8020 6508
74 8172 5057 2648 2713 5008 6610 446 3640 1976 4006 4480 5116 1178 8697 6912 1076 792 8958 513 7393 7981 4575 3341 9308 7374 4579 8760 5192 4290 2412 594 6581 781 3136 1761 9367 2615 6670 5646 2888 5622 2312 2697 1645 3790 9345 9611 7070 6529 2750 6880 9333 8287 9602 4336 4681 4664 3239 3859 7791 1943 1634 7951 7900 5317 3468 3202 6240 4339 9802 2678 8392 8694 694
66 8598 7653 9890 862 1425 8654 188 3903 4279 2573 3844 9273 1855 4009 5102 8651 1282 3297 3420 2679 9990 2983 2843 3648 2009 413 7091 1309 6927 7282 5689 5259 4601 4343 3377 6483 604 5775 3605 2951 9419 5567 6124 1341 4389 8563 2650 6383 7627 4920 9744 4283 9503 7998 4705 3800 6920 651 5231 8596 4699 2807 3633 2879 3808 6441
69 8980 9284 7613 9850 1040 8080 5134 9224 8273 4195 3696 7957 4082 2992 4942 956 939 4048 6874 8036 6186 8182 3176 5028 8511 9970 1435 6651 5811 4696 4402 3893 9844 2551 1774 9796 3344 3409 4232 8960 9683 7881 5399 4404 7133 8054 6140 3475 6346 9493 8136 1501 8252 7967 8690 2751 7453 8567 5985 1762 8244 7731 7246 9731 9650 5551 9607 4625 7559
67 9581 9111 5233 9498 4632 9075 8356 3987 9378 3762 9095 4718 8954 9329 5125 7880 8423 7993 1897 6097 7743 2802 6893 7345 2502 2020 8956 9769 3317 5761 8883 3175 557 8871 1413 669 7159 7081 9525 6689 1720 8827 7262 8868 4301 9226 6019 5961 3864 5437 5217 4267 8902 2282 8777 2393 5864 8712 5809 8061 9423 951 1473 1484 7996 9510 6216
66 9141 3815 2765 4246 8366 1956 1816 477 5895 2141 8162 1448 3122 7149 4975 1222 3170 1802 8642 7097 4652 8325 7473 6033 3548 5791 2685 3415 1056 3974 6945 4371 947 7033 6841 7564 5485 7834 2975 8269 7684 2941 6900 9532 5641 2861 2816 7904 4859 6801 5300 3996 3084 9020 8554 6408 5391 2311 2712 7261 3840 2670 5050 5007 5044 8799
70 9191 1999 5500 1573 9447 8447 9336 4807 8977 7331 9956 4926 9754 9980 8072 294 8634 675 883 1258 2797 3430 9733 5976 1693 2320 8330 3494 4988 2647 1747 9618 7388 6272 989 3983 5786 1382 9810 6924 5447 3820 4094 7231 3088 4202 9016 3394 3395 7599 3924 9331 9691 6355 2545 2340 4510 6907 5173 7705 5275 6012 2516 3161 7470 7850 9544 2267 869 6202
71 9351 8849 7794 9031 6497 7793 8710 7529 5113 6475 4214 6961 5516 3367 7482 6255 3118 784 2375 6099 4621 8577 4758 6236 5434 6690 8055 4822 4401 1460 3982 8536 1044 6386 3923 6337 5450 1771 6338 7053 1713 3129 5037 8029 1571 3596 2929 9706 7964 6314 7507 5494 7057 7198 3230 1902 9374 2784 2991 7119 1714 5711 8660 7090 4947 5678 3589 2444 2956 4875 6164
67 8544 7633 7205 9887 7216 5503 1067 3643 7894 1700 7575 3405 2166 2218 1787 7719 9055 6752 9533 3480 8541 5183 4396 2646 4124 7727 5533 7983 8721 1490 2014 143 5093 7146 4167 6439 5924 3287 2485 2187 2425 8155 5385 4812 4842 3252 6949 9656 7686 3593 6342 8633 5225 9523 4105 2505 2448 9113 1615 4548 1313 4897 7270 5561 8696 8385 582
70 7851 1577 9136 5984 1746 2005 9787 4650 5751 1675 5333 8471 3716 605 8421 1994 3300 8673 1932 2853 5390 9949 9178 2558 5603 6707 6999 6434 5405 2276 8752 6908 6399 4779 8148 5971 6968 6802 2564 5810 4865 9709 1240 7433 7783 4806 5165 1605 8557 6089 5992 8075 5234 1527 5665 9034 3450 9713 8846 9863 2749 5548 4895 1891 7965 6737 9404 6730 6511 722
71 7833 3153 3756 9443 275 7574 6245 8017 3339 1148 4535 9966 6973 2343 6348 7980 813 1547 3001 4137 4472 8001 4880 3724 9126 7268 3330 3986 1360 5404 3290 1960 3926 8371 3393 9207 5581 5202 7102 3525 8288 4693 5174 3602 3056 5060 2723 8997 6682 6333 5745 4626 6144 1979 4810 9496 5088 7600 3424 6838 8515 9582 8068 1798 7089 5948 637 2850 4965 1993 9741
66 7678 8407 9360 7343 9820 330 5077 7253 3462 3582 1124 7519 9974 629 7381 8293 2840 6341 5353 7359 4454 2274 9339 9883 7415 7875 8253 1329 3846 3721 4132 4546 4161 8378 5067 9430 5565 6350 3576 5295 9405 7189 3276 4498 1286 3245 7160 3178 6126 2159 6903 3676 8763 4505 1372 3729 2104 3909 714 4384 6881 8585 2371 7805 4419 5320
71 7318 1579 1764 4662 4701 8399 89 1407 7323 4123 1923 7607 703 5580 7751 6470 9324 8528 5523 4363 4272 8067 3603 8008 1630 560 8691 9458 2404 58 2114 866 8348 3684 5695 4258 3939 6861 3574 8034 9070 1216 7083 3077 4972 6894 9234 2073 5933 6290 4000 3994 6139 7128 8685 3141 8219 2718 1509 5549 9828 8731 4698 2487 7174 480 4881 6656 1235 7460 3517
63 7674 4077 9764 2351 2954 5476 7244 2304 5109 9621 9790 4248 434 5901 1521 6703 2771 2687 5401 3156 925 465 6263 7522 9654 7377 1003 8666 1829 5962 1838 9935 1409 5652 7546 7912 9077 4648 3046 6110 8198 7041 5697 9142 8021 6031 7451 8428 7659 9508 3478 7618 6325 1119 6059 1975 2088 6008 5960 6404 6542 1551 1651
29 7782 4974 3210 9166 3579 5185 2940 2003 4455 8936 9937 5307 7087 930 6990 4387 7927 1253 8627 6277 468 9281 7776 8878 4136 2148 6025 4930 3449
76 8141 6042 1769 4801 2996 6770 9747 9470 2777 9732 9039 4824 4966 9612 4126 1795 9590 2801 6411 4282 6437 4950 6854 8812 2403 5074 1532 8655 5238 9917 2928 7267 2825 7370 6018 9158 7312 3812 4420 5152 5716 1719 9616 1598 9264 7994 4493 2321 1338 8571 8300 8496 7634 6004 7170 4216 7266 1475 9610 5243 2987 1997 5677 3727 1958 3940 5344 6573 2357 852 8548 7422 4111 5473 6301 6588
67 7643 2672 6330 3288 4474 8026 417 8778 5128 9785 3417 4005 6280 5683 9955 1151 3587 4205 926 9267 3254 8123 4691 1218 7036 2590 991 1319 7949 3584 2743 861 5220 5346 9196 3616 3400 4656 2653 4244 9717 3594 1741 9779 5778 6558 4508 1945 7293 8275 8014 9631 7799 7972 4593 6832 7616 2709 5466 9535 3148 2902 1875 9838 3555 7775 6014
68 7320 8595 6791 8504 2795 6200 6959 4458 5553 7481 3306 9384 3412 4181 3049 3804 8913 9315 3103 9395 5084 8993 3675 2595 2230 6225 4544 7334 8437 76 3360 5579 5219 805 3132 914 4471 5114 4902 4240 2292 4704 9534 6336 7168 5099 8524 5620 8863 9402 9013 1782 8789 3838 4850 1878 4287 7923 8081 9765 7789 5591 4135 1559 9109 7187 6576 5255
70 9106 7576 4759 3482 5889 7183 1909 3598 4217 6374 3009 2358 6753 4030 4183 2770 7988 9936 5396 8292 9619 5911 3167 7876 9173 4687 5124 2656 1920 3685 3981 4602 1856 3063 2671 3674 7763 8200 9066 4893 3113 6326 2910 8626 8671 9693 3217 5866 5143 7862 3626 6917 5381 3374 5039 5728 5996 8749 7788 4532 3652 2291 1607 448 5717 2809 2661 3634 1921 9895
73 7245 601 7855 3496 534 3656 7011 6482 1809 4415 9751 8714 9963 3731 971 1198 1770 7296 5639 7317 1549 5343 7580 7661 7942 4281 9127 2052 868 2857 7877 1303 6780 5306 2984 4288 7586 9609 1353 3137 7499 8972 3869 6400 5773 1578 7285 5468 9897 9026 3843 6070 3338 3087 3070 8853 4319 8811 8542 8058 1305 621 9030 5926 8501 5374 6371 2532 3769 2804 3444 2719 3227
72 7138 8220 6190 9589 1365 5934 4068 9755 9804 1499 3150 8751 6995 9096 443 1229 9546 8897 975 3243 2470 3770 5802 1193 5407 7955 5514 4178 4504 4440 715 9057 3127 9233 9501 6060 5015 4862 580 8550 7924 611 7700 3418 2484 4557 4162 1710 8107 9511 6035 6043 7051 9341 4816 1617 9225 5140 4265 1479 4884 2626 8637 1393 8376 1820 7729 8978 3062 1739 4605 5517
4 7136 4189 4469 8121
67 6599 45 5014 8724 3562 7639 5049 9584 3260 9797 6117 6756 1964 4622 3557 3851 232 8410 6643 9406 6361 8256 7869 4263 3320 9500 9780 9871 5441 3795 5080 9464 3382 1498 9552 3096 9355 9823 2708 3895 8758 8702 1502 3371 2420 7314 2580 5469 5858 5414 8173 1381 7892 9101 4326 2383 5337 3208 8994 2862 2567 3959 8880 3120 3008 9697 2810
62 6198 3873 9696 94 1038 8432 8740 8969 6935 6493 7798 2506 4018 5797 7408 8176 4597 80 2433 9725 7163 8840 1310 4542 8358 5964 1444 6456 2539 1262 9845 8814 4011 3747 3753 4373 3343 3047 5487 8217 3884 6760 1565 6469 2827 4208 8664 8071 8521 5824 9514 2072 6534 1812 7542 8895 5280 4353 5021 3530 2406 3818
69 6975 1753 9246 1691 2330 1807 7648 2252 3953 5585 3680 5229 8991 970 690 7872 9648 6971 6160 9442 7812 8877 9368 1493 1045 1069 3416 2314 2977 8384 6457 178 5800 3609 5577 1496 9047 9513 3359 7823 2229 1156 1702 6875 2974 8767 1729 2277 9275 3358 5872 6241 5719 1583 2257 1470 5633 4981 9398 5609 5859 7852 2059 4923 7978 4063 511 3107 9600
69 7080 4473 4260 6152 7015 6992 7380 8118 2305 3951 3954 1390 2144 678 158 682 4703 9571 5457 7592 7202 8238 3487 358 7257 4774 7525 6773 4906 6763 3241 4423 9455 7363 6175 6438 7758 4129 5539 1886 6725 1225 6527 4879 2598 5630 3738 9840 9472 4342 2905 4979 6887 9032 2427 3015 6818 1396 9023 4735 2999 1255 6883 7764 8151 3913 6546 8314 2659
70 6933 6424 9155 3860 9417 9635 544 1036 3781 1278 8613 3702 1016 7176 4495 8970 7110 1917 6538 5757 7046 4958 8013 7243 9412 1395 4266 2044 1489 8115 9792 9008 664 7167 9668 5827 3799 2740 4059 2407 9647 8186 3728 6054 2592 3428 8930 7814 7565 2002 3526 8888 8127 5019 9450 2953 3842 6356 1333 2834 7856 4197 1071 8640 2786 8715 2582 4821 4188 7414
68 6440 327 4078 8579 994 3361 8166 5898 3385 2769 3518 7986 5658 4084 1659 8418 7870 8093 679 8454 2136 177 7693 5235 6276 7765 6606 8369 9983 5701 3284 7589 6129 6406 2056 4748 3786 1830 4424 7909 3927 5242 3231 2087 1624 4133 4513 2742 4939 9298 3270 2102 6101 4209 8388 5776 9637 9074 3948 8845 730 5650 9422 9003 9829 7362 1954 8887
67 5876 9435 5160 1824 7781 1247 4757 479 1417 5207 4710 7485 2569 393 3019 8609 9272 5587 9457 4190 5843 3850 6697 1349 7400 7213 5106 2780 8332 7809 7962 1963 5947 4637 9344 7171 2324 9400 4549 7155 8847 3325 7848 7003 1684 6199 7398 7821 3597 7302 5715 8104 9813 5101 6324 8241 5725 6415 2501 6667 3668 6755 9971 2985 3580 9354 9914
72 5832 666 1660 2297 1893 7569 5938 1192 6655 5349 3866 1558 6313 979 6452 1300 5863 5138 4116 117 8000 4025 1326 1028 6015 3398 7484 4857 6705 3670 648 2397 1034 6612 8639 4090 6026 3446 7099 2464 8223 7200 4955 4051 7591 9671 2133 3222 4187 5708 4899 3296 8030 1388 7389 3469 4036 6751 5819 3493 5110 3717 9001 3274 2828 2907 4268 9403 3285 9527 4184 1199
38 6261 1717 7901 1568 846 1468 5334 6151 191 2482 2244 9385 8083 6563 4655 4933 1515 338 9242 236 1542 7467 6369 9310 4589 4079 2176 9376 7610 9815 8889 872 8976 527 1650 5108 1091 3390
72 6428 526 4616 3104 2086 7487 8434 6046 3679 3659 4896 2479 6283 5896 504 2295 2642 5167 1440 4524 9240 4938 4885 6795 6256 2909 4665 3743 4564 8734 5018 5834 3456 1126 6114 2682 5994 2800 6398 1706 8355 1439 5590 2692 2727 5154 6050 7628 8156 5444 2449 7255 6913 9210 4569 3023 8838 8510 5016 3943 1454 9679 5870 9927 1550 3645 9188 9330 5410 7907 2480 6051
71 6430 9014 9872 3832 1942 7918 1842 5917 665 3919 7230 1049 4629 1264 9721 4278 2439 466 250 7369 1525 9149 2892 2788 7455 4647 6138 3431 5699 8335 6378 1952 6878 2967 8341 5104 8031 8295 2226 6403 5806 5884 4103 8396 6938 8984 5605 5267 1844 6937 4982 6831 5544 7736 5735 9550 2588 1718 5946 4360 6577 7521 677 3345 6513 2431 6974 2386 6088 1864 5921
63 6885 9371 2517 7606 6931 8927 3501 5345 2140 4046 7367 5308 8884 5542 6262 6304 4323 745 9795 5376 190 6473 4483 6344 9260 4241 4032 8813 67 3095 8334 3568 4551 7893 9421 3458 6306 3890 7808 5816 6759 7832 1619 9807 6571 4253 1696 9114 6477 7687 8179 2109 7583 8522 6833 7192 4479 6988 2067 1533 4635 2565 9307
74 6812 4065 2607 5939 1424 1339 7496 9685 8003 2293 1080 4249 3455 2036 571 5714 3091 1593 9394 3486 7356 8828 5312 4325 8912 9274 1207 9562 9110 7082 8191 2610 8659 529 4092 1176 6809 4986 1352 2683 8254 8422 4312 6644 9119 9387 7733 6512 4010 8171 7208 7762 6788 4846 2023 7372 5607 2438 9605 8962 4468 6022 7125 5196 6929 4695 2306 3664 7926 7123 4256 8879 5987 647
67 6781 962 5262 1539 4797 7871 7358 2858 4957 7161 7985 2353 6677 5945 6966 3443 2258 2609 3541 9485 9943 8741 5739 1759 5278 4370 739 4833 1754 4316 5137 9179 8826 7663 7973 8279 9299 9877 5746 4614 6884 9553 1640 1743 7373 5179 3097 8361 6194 5995 9306 4403 3498 8742 8648 6317 9065 3112 2211 7152 6503 5491 9452 2099 3403 8096 9577
72 6613 4141 5524 8669 7511 7395 1021 8297 4870 9891 2037 5400 6504 4001 7286 15 216 2838 3040 8478 6615 6436 2289 7709 5322 6531 4497 9575 2474 6849 8821 5913 6352 2589 2500 5820 1507 8475 7853 7126 1535 4538 8707 5573 8041 8429 9758 5061 8822 3357 3617 6081 1663 8126 4463 5184 3163 7052 7647 3938 9934 7810 9563 806 7029 4827 7966 8298 4556 3422 6179 2217
68 6340 7427 2830 6543 5467 2874 5914 2512 9352 3064 4436 9397 4636 9773 3881 8957 1996 7054 2745 8463 7660 3185 9006 1089 5023 6069 8245 7863 2826 1172 3124 55 2686 1847 8864 6006 5972 5732 5356 4080 6530 8599 2309 6249 8921 3773 3916 4142 9319 4709 4029 1384 9379 3578 8965 9686 6086 3687 9962 9788 5593 8776 9505 1697 4708 1690 8351 2994
76 6130 13 8315 1599 3492 1060 2332 5653 8513 1862 8052 8699 1267 1210 2555 2147 2677 7185 5022 7691 3151 5784 9133 8914 7680 3678 8593 5508 2725 1694 1548 3563 2355 2998 3879 8094 3065 628 5504 8630 4855 7075 2060 2283 9794 4700 9276 9999 4836 4654 4299 3261 4372 5164 3140 2880 8280 8998 6420 9608 6702 8836 9291 9667 7604 5459 2510 6783 7726 8918 578 5635 9782 537 2155 6491
35 6056 9049 9321 9960 1143 6785 8492 5721 7581 8890 4400 1737 3139 5082 289 163 1203 1804 2129 2744 3830 8251 2525 1219 3086 5403 3813 8224 4519 1002 4515 2262 4295 8512 8509
65 5959 42 2711 2583 551 6754 4099 1756 9120 2578 5423 7723 1588 9165 2058 6105 3090 8718 8646 3934 743 5568 7062 4292 7209 5440 6672 1799 778 83 1459 6941 7792 9411 4368 3461 1416 9757 9011 8867 8773 5614 9624 3615 9530 2127 6373 4041 5902 4075 4624 2284 9819 3841 7683 7332 1449 6447 7741 8317 9161 5877 3334 2504 7326
66 6096 6392 8644 482 8383 9913 9441 6294 6635 2399 1100 2350 7976 7625 5724 676 9391 1055 6551 7347 3625 9393 8680 4641 1317 3545 9812 7811 3553 9809 7237 8775 5330 8807 5426 6611 3650 7737 6963 6946 9487 9162 4837 9401 3012 6605 8405 7311 7818 6679 4613 8243 1874 4222 5261 7100 3906 2848 3985 5507 1678 3540 7153 8194 5065 4347
71 5634 445 8948 9104 8851 1014 7864 3746 3612 3177 4152 1985 3275 208 1487 2673 308 2232 2247 8249 2832 1121 1007 219 3794 4021 1389 1244 510 3622 3246 5073 6544 3723 1517 8283 6565 7622 5199 8319 1789 9465 6443 1591 9083 8208 4770 8580 9105 3093 2486 7274 3053 6636 9950 3713 6499 4905 4459 4381 1404 9778 5950 3421 5844 4674 1211 6235 7178 3876 9958
65 5604 9282 4581 159 6687 1704 4660 6402 4607 5598 1961 3238 7842 1689 1344 3281 9986 420 9436 6567 3508 2509 7466 3298 6454 8616 7340 8661 8345 3251 2944 1314 1494 6414 3389 8908 4207 7803 4438 4118 1623 6739 6678 4604 7956 7940 9938 3413 6852 3022 7073 8433 3066 8779 6943 2844 9710 5937 5256 1655 6821 5257 2493 6061 845
71 5455 102 746 1833 8653 328 4951 9202 1037 7922 170 8053 8445 3671 7974 1760 5682 2298 5446 4377 5253 9314 1679 6860 9093 1423 5547 3262 7122 7423 7958 4212 1320 8538 7300 6187 6044 3028 1662 7692 9290 8610 3961 4737 9560 4522 2110 5651 1523 3031 8379 5139 8397 8473 7497 3750 9146 2421 9680 6981 6659 4320 8533 4936 7164 2308 5285 1727 4254 3080 5638
68 5266 295 9742 9194 1595 8971 9940 7516 8540 1422 5117 8663 2394 343 7526 6286 7960 5512 5861 8211 597 3105 7284 6252 1402 9466 2859 6063 9824 2817 4851 9453 9666 4072 4146 8276 9469 4946 5631 5246 7510 9518 3732 7241 2515 2676 2461 3862 9649 2317 9603 2529 8852 2978 6289 6335 7551 3237 8197 9579 5787 3404 4512 5953 8631 8753 4915 6787
65 5260 152 6021 8339 9942 854 276 8875 4717 6150 1505 4200 593 6379 7910 9477 150 2158 4545 3802 4388 2457 7614 2030 3797 1182 2887 3020 8604 5198 3464 7588 5135 7491 2010 2540 6282 1114 6146 3535 2047 2886 9266 6127 3372 5194 6987 2543 3624 1529 6281 1669 2177 8788 2926 5813 509 9244 4274 9615 6435 8768 5227 1185 5486
1 4467
69 5254 7914 8453 8246 9791 6640 9227 6928 7026 7742 1890 5713 1913 8526 5435 572 9439 901 5439 9220 3785 5879 5059 1899 5818 532 2408 5200 428 6684 9 4633 1461 1636 3470 6726 8534 8336 5236 2029 7027 8331 8138 3976 8457 4606 8181 5743 7913 8359 4242 8485 8985 3438 5521 3588 6366 2093 8782 1428 5849 4257 5970 1928 3038 8479 946 4659 960
68 4172 7148 8404 9718 8543 271 40 9019 8438 4 7295 4186 721 2519 7022 8201 2637 6244 3513 3803 4348 5146 4864 7651 5068 5904 8213 5096 2808 4591 300 5905 7247 4180 9185 7258 639 9931 5299 9598 4492 6104 2181 7143 6695 4861 5920 7095 5893 3397 6642 8344 7224 9364 3447 7897 9022 8823 5812 5536 7478 7214 9723 5513 9860 8932 6632 341
67 3883 602 5388 5041 5564 9131 8625 8624 1863 6410 5860 3733 515 221 4858 9407 9184 8920 4452 9084 2542 5293 2538 6666 3229 8153 7355 8144 5661 1695 1933 2004 3730 729 2617 831 5477 2508 4819 3928 1537 4847 2227 9626 9730 4618 2344 4663 3736 4198 7137 4173 7567 5316 7360 1978 2269 4666 638 4820 3092 4590 8744 4585 4418 9418 6422
32 3448 3423 8267 5130 3856 8027 5377 7219 1926 9735 9520 7180 2775 1133 9989 4394 7227 6738 9415 4003 2947 670 5429 2068 4657 2986 9704 2389 9655 2092 9068 7860
74 3636 4753 5673 4922 8207 6879 5136 6857 8431 3519 5461 817 6445 3323 8439 879 3755 6618 2096 9745 4315 8460 9451 2142 6296 6364 3835 3364 3484 6238 1214 8507 2877 259 6721 3585 7919 1458 6696 6629 6786 8975 2593 3319 1906 5989 3885 3378 2625 8839 9337 2192 8705 3900 5871 6662 2190 4210 6661 8576 5702 4531 1682 6490 3993 3289 8986 8070 8270 3826 7885 7747 3071 7820
74 4891 3875 9211 2156 3632 352 3119 9361 2557 487 7982 961 5612 8530 1197 3283 1430 9147 9356 6859 7598 4692 3182 1657 5159 5935 4577 734 323 5035 7925 4921 6648 5768 5828 2842 5817 8015 8436 2204 8621 6904 7307 7385 5643 2341 4106 1654 9551 7141 9896 4451 5047 9000 6349 4675 7454 5250 9063 7977 4270 8520 1834 4615 566 2706 3057 1323 8774 6680 6647 1106 7756 3116
76 5371 7662 8184 1130 8406 1734 7397 34 5881 5632 5855 3992 7383 6876 5051 908 8754 8564 7878 6389 9172 3195 6312 8638 5700 8466 4040 5314 5983 8047 2325 5249 9906 1544 5848 7612 7290 2171 5230 7656 6220 5546 9630 4623 4610 5688 8587 2488 5655 5927 9901 5602 8825 6468 3966 7303 3221 5792 6771 8929 2694 6293 9924 3369 2422 2731 5882 3406 6068 7002 937 7997 7424 6142 3188 7021
32 5482 9340 5703 3505 8170 656 7394 7384 7060 8872 5182 5705 5990 7158 1093 5052 164 3556 2331 6163 8723 6515 5490 8668 5601 7071 3825 3507 546 5282 6646 2811
28 6507 6669 7047 6001 8523 8415 4507 9128 9416 4910 8910 9856 473 4350 1904 2574 8911 5760 1609 8476 1849 9910 9839 5963 9855 9007 8605 683
63 5588 4322 2636 5535 5336 8073 5794 9304 4442 8765 6322 3722 489 5188 1243 1322 6215 74 5975 1971 400 7847 5304 9247 8189 5974 6024 4603 6716 5379 895 7018 5978 9507 4125 2419 8837 4541 4868 9929 8444 6691 4429 7685 3809 4528 7182 3591 9486 8772 9342 2405 8803 2942 1464 8353 2829 2969 9296 2668 7774 1363 592
4 4967 5465 3877 4805
67 4904 3236 9213 9992 3701 3312 2715 7191 6620 5940 5448 7430 304 7016 5796 6427 5157 3871 7278 9853 6331 8493 6472 6412 5592 7195 9952 1988 6310 4179 3094 3199 1029 6591 5191 2237 5214 920 5790 6384 4525 6009 5755 6905 3327 1656 8056 5572 7325 3768 2081 6047 4445 5172 6080 9661 9881 9170 9112 3936 2572 5685 6266 9866 6564 7568 2338
70 4114 4804 1466 4574 7984 2554 7120 7724 7351 6102 8237 6421 7773 2221 5 9121 9599 2242 6309 4251 141 4630 3500 6675 8150 5055 7450 4064 1256 6674 8892 115 7846 8390 1621 1103 1667 9326 2251 4839 8168 5737 8370 2972 3109 1732 2700 9922 9144 8869 3967 4285 7945 9132 7250 2476 9205 9948 9201 9025 4688 7738 9894 4380 3719 3474 1027 2456 1665 9837
31 3660 9543 8502 1925 5944 4543 7695 2418 5472 6871 9884 8234 5868 5360 9961 5228 3326 9975 1299 5496 6523 2511 6385 7409 9760 1564 8284 7009 2699 1144 9043
71 3709 2265 4107 8472 6578 702 8503 5129 422 9967 2212 4393 7637 1131 6519 8790 184 6652 8687 1871 2989 4638 4130 6287 1000 6813 3453 6882 6206 6082 2790 1929 3807 2657 9923 7831 5752 4148 5758 6075 4033 5541 1828 2070 1584 7040 4911 4086 1940 4668 8212 9574 6158 2669 5011 9167 8940 8192 6077 4608 9208 9900 4346 3653 3308 1801 9388 3901 2957 2016 4678
72 3516 5645 1030 612 5149 9591 1751 6970 6155 8282 9669 3380 9258 1283 6710 6634 6167 209 7316 8469 2061 6824 3989 6357 2078 2867 7771 4914 5395 3834 8035 8278 4218 7739 1094 2549 9122 8373 9140 7889 2411 4191 4738 5150 6792 2453 7582 7780 4781 2932 2347 2240 7594 6066 8160 6799 5232 2990 2938 6327 6654 4026 2959 1288 6161 3349 3970 950 2781 8964 5273 3143
70 3425 4764 2198 286 8657 5771 4238 4067 7449 6032 3268 2747 1715 3411 6844 5619 5925 6866 5556 8506 3037 4174 1032 1643 5584 4223 7645 2188 8558 9222 1147 5664 1661 2666 1451 7265 3180 4488 492 4814 2224 2568 7218 8119 5498 4572 6734 4439 6219 5271 9373 7113 9449 3002 7512 7754 4733 8363 2667 1580 3196 9476 6360 3173 2789 6626 4502 6279 5707 7456
31 3183 4115 8561 3968 8835 3128 4088 7309 5815 3172 3524 5520 6000 9489 610 3114 9892 6744 6793 5168 5090 5012 7135 8147 7352 6862 9051 3356 5894 832 406
31 3190 660 3265 773 476 1196 8903 144 5669 9052 7442 5226 9484 7621 4730 3783 1592 771 3439 2613 22 4341 7045 3166 4204 1861 9793 9862 798 6510 249
66 3117 3233 6982 9038 3991 3972 1186 6819 3682 8327 3907 6718 3332 8257 5351 8050 1160 4273 4134 1354 9854 6630 9889 8258 9976 6586 3273 1589 1436 2033 133 7005 4813 7130 9996 8362 9673 8982 6079 2111 1780 7425 3089 9521 5421 6401 1722 7444 8508 8951 2089 7895 6602 7354 8032 1728 2094 6153 860 3168 9748 6947 8268 9873 2623 2451
68 3039 9180 1587 2091 1359 5583 8952 4769 9042 2963 4976 9678 6016 6580 8933 5433 2238 1433 5176 2562 8588 1039 3565 3791 4728 7873 6814 8455 9370 1870 339 1879 3828 6228 9707 8780 8175 6223 3004 5899 6526 6736 3433 1850 5321 3793 7920 7092 6370 8427 7501 5709 7486 6141 2214 1209 6308 8987 4841 6397 2441 3072 2467 7194 5681 1315 3375 7502
70 3060 3145 957 1348 3772 7475 3302 3560 3278 4386 8615 1257 4639 8381 4486 6128 5303 3558 800 6162 3887 4432 7664 51 8499 2547 8859 7554 609 855 1642 2903 3220 3801 6156 4177 8578 1122 2821 7206 9103 6288 9928 7127 9946 8656 4491 7446 8064 8069 4022 1703 6733 6316 4409 9905 1877 3998 2498 7386 6972 8750 4954 1916 4940 2594 7315 2528 7134 470
76 3155 7995 4501 6154 3878 6461 5213 7329 9699 3698 6509 3373 4476 3164 949 4530 9467 3669 8679 3520 4117 4194 5510 4736 5100 313 3228 3035 3191 1158 3490 741 5852 2019 6735 2973 7298 1905 4276 6706 2741 2278 6851 3599 6204 6953 8414 6494 2521 5841 6775 5103 5923 1803 7716 2831 9684 1922 4971 1827 3613 5085 4908 9082 1347 8516 2514 9474 9767 8374 2481 7322 9827 2611 1627 4916
69 3187 8097 2652 5801 8364 7235 5209 8565 747 8120 6275 1421 9752 5436 2053 2346 1854 2591 134 1174 2194 4229 1427 620 1872 8131 2260 1825 1585 9228 9365 9694 5122 1892 6624 2185 6998 5730 4149 8226 6962 5464 6939 8233 3776 4991 9801 9578 2455 8748 5710 7902 6239 5120 3426 2360 8527 8306 6761 7617 6305 731 4518 5928 1638 8583 5418 7063 5738
64 3353 9488 9054 9243 4338 9568 1860 1051 5244 4716 785 7259 8178 7349 2774 7561 3427 383 4004 8700 7024 3481 4997 5121 5413 2891 5442 8106 6948 412 5909 9256 4120 8926 7013 5505 8497 4596 8082 1941 9726 6964 9237 1757 3029 2773 3691 4462 3977 2597 3586 2302 2454 2812 1626 8002 717 7858 2105 6303 8959 1136 9841 8805
69 3387 2993 7132 4949 4303 6425 9743 336 736 9984 9073 7579 9268 2352 8266 4903 2429 8239 6395 6994 8553 1821 6553 7468 7835 9919 6820 7328 1867 6552 3435 2416 2465 1701 7532 3806 539 4598 6418 2869 7757 4109 6518 2216 9426 8491 9867 3248 9085 6555 5754 2222 3874 7140 9536 5589 5380 8955 6251 1254 6136 8981 2776 6074 6271 6269 5991 9558 2497
70 3440 2851 138 2191 9727 8590 5475 7689 5153 9286 2430 2395 9777 215 8711 9229 5759 4734 1411 8389 7916 8262 5704 7462 5397 4684 3863 4882 7059 2923 9216 1934 5869 6601 8038 3700 8140 5727 5373 4883 6930 8999 5394 7248 1606 6387 7428 2988 6195 4359 4670 4464 3789 9926 7954 7263 2503 7498 7048 7602 9253 4877 3547 8218 3697 9438 2925 6663 7641 4576
73 3766 395 2766 4066 5245 6888 8781 5115 6936 1442 9816 9907 8108 1276 3346 704 8494 402 5218 3984 6547 5969 8042 3212 9818 4062 9545 1166 1618 5803 8248 109 6701 9010 4578 6873 4157 5540 3657 3677 8051 5627 6758 1858 1376 8643 6863 8674 7550 5929 7548 8785 8881 7657 2363 9945 7139 2483 5599 6769 8747 5402 8736 7463 8409 8484 1022 5621 9349 1851 8265 9255 1298
66 4611 5777 8085 7175 3775 8870 9951 7335 8949 9636 1398 7769 9629 238 2106 3348 4487 8641 1810 2624 472 200 3546 7387 2946 1085 9434 5840 6253 9448 2704 2837 7615 7888 2658 4509 9596 8321 9174 8684 8459 1884 3965 2035 4102 2764 8738 4651 3655 8556 6040 7457 4337 8935 9705 7107 8658 8272 1385 3138 7474 2620 7841 8167 1212 7364
65 8078 2417 1512 405 910 5740 4239 8885 2756 4560 5574 2013 3292 1740 5058 8831 4969 3203 2266 8076 4193 4306 848 9035 9857 8769 7056 7549 198 1873 8796 6895 3437 9312 4027 9674 1391 2299 6853 7732 3549 2460 4330 4269 4245 5264 3538 7562 9108 8647 1811 5615 8043 2478 9517 4995 2523 2737 6094 6189 4540 8360 2561 4747 6405
68 9392 7584 4071 3198 698 2335 7694 5237 2599 2051 4156 6123 8726 4313 9565 8572 6409 1127 4640 8004 2689 6084 8794 5311 1647 8505 8931 8145 322 4215 680 9217 4226 3463 8732 9325 5642 5880 2945 7210 2333 2128 3754 7333 3973 5087 6803 7535 9265 5145 8531 3521 9569 3542 7734 9069 3614 9633 6532 3734 1486 6311 3207 1015 8771 8412 8180 3642
67 3249 2452 4447 7222 8125 9756 4803 3005 6983 6284 3707 8250 3186 3225 43 1998 4356 6919 4044 5822 9203 689 2931 5647 6183 7188 5289 4547 709 909 6291 1452 643 7199 2882 7795 3814 8210 8133 1403 4752 6967 6789 4649 5362 3964 5788 7434 2471 8065 9036 2336 1841 6260 1957 1518 1543 9947 3583 4224 8236 5489 953 4516 3829 9799 6246
69 3592 5552 2414 6897 7539 9695 5865 2012 7744 2145 5263 5460 6278 4587 9027 4553 6622 7800 9622 6205 6212 1888 3429 2477 7330 9835 2028 4990 8967 9218 2878 8938 6665 9736 3889 7088 8882 6545 3662 8667 5825 6487 6083 1480 7479 7959 1992 4233 1814 3561 7169 7301 5558 8393 4993 7601 2721 8810 9148 7930 2385 9987 1105 6823 3279 9847 4690 7348 5211
34 3831 8099 3611 474 4236 3503 8143 1779 8547 9702 8261 1758 6005 1025 4355 2468 4795 1414 9183 435 2541 4385 8274 9885 1883 2835 8602 7767 7672 6145 8844 7459 7620 6176
67 4182 1187 5955 5613 5846 5903 3383 1066 5696 3295 9640 1441 1677 8924 8111 2531 9898 6535 2001 8289 619 5222 7816 2426 2116 3310 865 7989 9490 6298 9118 6757 2220 3152 4230 8759 6492 5248 7365 3184 9509 9480 7283 3255 7826 7825 5807 6259 8676 1699 2210 5649 3995 7714 1375 4584 7711 8146 732 8077 8416 1967 3467 8941 5851 9768 2367
66 4523 5046 2381 8961 9826 457 3051 598 8833 4144 2873 6464 4302 606 320 7441 8022 2950 2435 3905 3912 1797 7670 4334 3402 7000 6954 4284 3121 5451 3771 1406 5132 3942 2939 1530 5842 7556 3301 9830 6768 5692 5617 7023 4894 9199 4554 8600 6196 1478 9318 6465 5286 2294 4108 9878 2976 894 9698 940 1601 5372 6320 4586 4956 2630
69 5835 3590 1377 9538 5967 2069 9506 7969 659 1059 1220 7992 837 9825 5478 8791 5742 2310 9848 1603 7078 4289 8040 409 3742 7536 1708 6191 9964 9750 2520 4410 4925 522 512 6380 6226 3370 8221 3013 1763 5672 2684 7447 9597 3566 3000 8612 9639 4558 8382 7452 8905 7658 2374 3154 7306 6076 3459 6201 8695 1227 3710 1263 1270 9152 8240 2901 5392
70 6570 1141 4852 8372 7006 6062 3693 5197 4503 2604 2169 9806 1600 1631 3318 35 7065 4550 7748 2064 2303 5071 5189 8122 3277 3055 9092 7560 1280 600 7623 2893 7859 3108 3896 4280 559 6376 2445 1673 1488 5415 3162 1291 5431 8161 6023 5623 1534 4849 4620 7339 8169 1974 3352 5629 7094 8117 2275 2703 5398 2544 3931 5712 7839 3957 8216 7655 9556 2518
71 7277 5798 3452 314 416 2813 5156 6363 6030 2755 8204 2323 5144 4887 4076 590 5916 311 1194 3711 2318 1610 6708 4163 2097 7950 7906 1215 4892 7443 9250 6829 877 125 5833 3054 2342 6100 1457 2287 8242 9893 6850 1613 4305 7943 9195 8098 3052 7226 3564 6834 5363 8102 5358 2566 3483 2434 7074 9124 2964 6828 1765 4682 4600 3074 4643 9555 1738 2494 2681
66 7418 9215 8299 6668 3235 9460 9037 2855 9236 9592 8906 3442 5148 4739 2024 2167 9909 9803 5637 1368 8645 4017 2039 2722 550 1096 7407 7275 8222 8939 2390 6192 9160 1170 4199 1726 4414 7515 4727 5741 9776 3473 7350 5636 7098 8856 2641 5656 6109 9259 9849 7520 8606 7713 4411 616 4619 8305 2616 3758 5216 6650 6598 5033 9154 1911
68 9601 558 6257 9248 5241 4122 5545 5247 2526 3331 5020 5949 9241 9302 147 1004 3272 3299 7111 6740 9153 4792 4489 9593 6590 933 4823 1919 4430 1796 1483 5993 1294 4918 9024 6448 2581 5982 3971 2043 7829 3293 5357 4860 5458 3600 6608 4932 1514 3823 1989 6501 2392 2025 9978 5582 1947 7970 4580 8953 2189 8743 8062 6038 5836 825 7272 6065
72 3042 7256 6557 8730 7096 2785 6595 7979 1205 1410 3350 2186 7528 7436 1217 4093 2710 7891 2334 1420 1777 3544 2132 5687 5297 4460 6171 7706 5292 7429 5332 7001 2576 7557 2369 4213 5095 4676 8190 3499 9297 3805 7813 4143 2402 3466 9614 7646 4928 6984 5203 3497 5576 9468 3627 7461 6273 9221 9524 4571 6717 7518 517 3457 6184 2123 5736 8945 7399 2936 5644 4087
71 2922 175 9328 4397 3665 5532 8286 7929 6258 6474 4219 2253 3764 6681 2137 6822 4252 7572 8012 7944 6112 3604 3780 3777 4031 8988 3362 5578 4101 8907 301 8448 6993 3629 7509 4098 3646 6426 6692 6072 6451 4113 6111 3102 1977 7217 4534 1910 4719 6685 8795 2696 8735 6886 1859 1506 2443 8622 6631 4961 6709 9642 5276 9916 9094 9018 6810 2530 6017 5269 7688
4 2921 3216 9446 8468
74 2822 8995 6638 7179 3551 3911 3471 5965 2228 1560 7543 9515 2201 2912 3267 1138 2918 33 4358 2021 9851 7629 1118 7419 5749 2943 5309 8552 8899 92 345 1261 2165 922 4448 568 7271 9292 6539 2387 6334 6628 5252 4085 2492 1033 5986 5977 4159 5979 5626 6645 9313 1463 3309 8010 7987 6541 3688 3045 2065 8708 1937 4517 5559 9586 8011 8105 5774 7593 9410 2007 7049 7215
65 2870 6950 1641 4634 2864 4060 4170 61 6003 3126 9150 4165 4677 6794 740 3479 9235 6295 9059 9660 4446 6268 4888 8894 4435 7939 5291 8611 3134 5438 3368 2730 3441 7012 4365 2949 6991 2475 5187 5013 3891 8291 9875 4686 6525 8570 3189 3206 1843 2579 5319 2865 8302 5342 1786 7807 6867 5586 9080 9991 3030 9918 8898 6537 5674
7 2849 306 4052 9814 7642 7566 3533
65 2995 2586 5062 8698 1846 1062 3534 3027 6623 3264 2614 7232 2966 4817 5610 8320 4069 365 8620 6747 4874 4145 3388 6329 363 5530 2522 2760 9332 1742 907 3798 8722 8886 8109 6450 3692 3672 8529 9295 6466 5422 6120 3244 4499 3485 5891 6568 7669 7391 8163 5922 6517 9193 2796 4646 7746 6181 3979 5543 8574 3868 2634 7260 531
65 2772 5919 1788 436 1271 1437 256 9251 3322 5310 2930 4286 6292 7668 8500 541 2322 6218 8876 9658 5133 204 9921 4782 9664 9116 2316 9135 6915 2645 2759 9177 6147 3211 7069 6180 6396 8425 7570 7635 5980 3945 9644 9746 6131 9048 2356 2575 8326 2074 8323 4255 6797 2927 2264 892 9912 4437 4237 6496 2814 3106 9724 9941 3952
70 2758 8057 6227 3209 3247 7708 498 429 130 3735 1325 2664 9097 2236 5126 8834 3997 3854 6817 5053 8904 1259 9634 4856 7503 4844 2643 6585 4428 5118 2017 954 2632 4723 6502 5270 7172 7212 9734 6621 9471 9567 7079 4787 4924 9783 6020 3751 3365 8301 3658 1455 8079 1481 5785 6858 1447 7595 3848 9865 8247 7991 6932 3197 3816 7938 4832 1522 4037 1990
76 2734 9159 4466 6891 1492 4392 2442 4481 3333 1590 8950 3410 2168 3391 931 738 3703 6049 456 4015 2674 7392 6300 4247 1676 7190 2629 2011 4028 642 6098 4147 4583 8925 8137 9959 7058 1552 4845 5594 2432 2219 1848 9981 3824 1161 7225 8230 6193 8662 4876 6934 1775 3307 3726 5518 7197 8188 1628 5017 6431 2559 3661 1576 5805 6052 6798 9358 2075 6217 7608 5204 7947 2783 3748 8636
66 2635 9888 4661 4049 688 8440 7115 563 8717 7699 8063 6815 684 6731 7361 851 5506 8581 6750 5900 1692 9548 9526 9993 8350 5352 4835 5854 3502 5808 6772 4761 7044 6362 9570 4328 2364 8519 3376 6724 2690 1265 8113 6247 9269 8704 9245 9479 7665 7445 9623 9181 5091 5009 2962 1716 8018 4840 6673 8891 3218 8402 3918 9343 8909 2254
76 2603 701 8090 3075 6980 3765 2365 7638 2263 2736 1175 2085 3036 706 4053 8992 2138 8417 9665 4298 4089 6274 7142 4457 2960 1555 790 2243 1986 6354 7076 4582 384 1371 6213 6811 7884 8255 32 4943 9359 9595 700 3073 7626 8843 6965 8420 2026 7961 5750 6589 4863 3282 9663 6071 5328 2377 8716 3947 7666 6339 2778 6745 9285 6704 5526 2911 9383 8619 3872 6561 6942 8114 1868 2436
67 2446 9413 1817 1387 6796 4765 1670 3316 1275 8130 6516 8701 6868 5525 8594 3667 8968 6902 1944 4083 6572 2071 3908 7305 1749 8562 3955 584 1405 5024 6719 1418 5839 5027 8597 3853 7750 8310 9653 5131 4056 7963 9516 7506 5283 6122 3980 3861 9433 6911 1633 9277 3214 6916 787 5747 3607 2268 1295 1010 439 2215 4707 7533 4539 1778 2103
71 2584 3491 1965 724 3240 7297 811 68 8919 5127 6382 2860 6073 9625 9874 73 8865 6616 1009 5177 1167 8793 2707 9270 7401 3637 4201 3892 997 911 3635 3695 5782 3061 965 9547 9424 7124 9483 3886 7221 1736 4321 5331 4706 3737 6505 2490 9088 5563 2628 8209 6116 4324 8451 5180 9572 6713 3930 8110 3779 8060 2716 5698 4791 6498 6264 9882 1367 4871 7887
71 2717 9988 929 23 9957 4057 6265 8592 4169 7752 3476 9130 6790 1776 1123 8046 5671 1674 3573 7896 7489 499 3821 5369 7105 6711 1290 2100 1908 2178 2370 4658 2080 7740 4713 7112 7953 7233 1504 9681 9617 6594 2466 5040 8196 4453 2726 9911 9512 3017 6118 4073 4772 4484 3165 7619 9620 9766 3157 2819 856 9099 8682 796 7934 6639 3472 2952 4712 9982 5885
33 2440 2209 6956 3025 3181 6729 1531 2524 2 2384 3811 5151 5251 9719 5210 8375 2391 185 2908 484 8517 9994 8728 5474 1074 6210 7068 2548 7596 7990 9833 9287 2235
74 2368 7426 7828 2163 7186 6683 9257 2152 1491 4091 667 8841 4151 9772 9322 6520 1293 5166 4307 3335 174 2027 8848 4799 2937 9870 3069 5382 3925 3315 3515 4565 161 6178 8482 7682 6345 4128 4317 3920 9876 5409 7558 3213 2695 4740 7999 7181 1581 1652 6957 3445 9386 6372 6514 1755 8923 8474 4848 5341 4012 4721 5515 7121 5936 8164 3796 2881 8225 6960 5042 5562 9643 3810
72 2234 6229 2823 1415 6671 3937 5555 8481 2971 850 7084 6177 9761 1681 7679 4788 2920 7513 9939 243 2601 1767 7784 6037 6185 6989 7753 5480 8347 4689 2720 6367 1948 4749 6471 8901 8135 2872 2757 7836 6807 2231 8757 5957 9528 3329 2246 4826 3714 8692 7640 9137 6067 6243 9086 6592 1953 5932 8632 7376 9953 2261 1237 9542 8582 1446 7837 2273 5365 2296 9478 2507
77 2150 1408 816 626 7787 2890 7611 1818 3044 896 5298 1465 4250 8766 7086 899 4722 7117 9583 4745 36 5878 3158 1304 2286 8391 3506 3194 1023 3454 334 3314 916 8426 782 1936 3894 5804 1866 4815 6078 9169 4310 1456 3125 5340 3880 1903 7573 3569 1733 7571 1949 8467 6855 8408 4912 5155 7101 8088 6782 7342 3527 6222 4138 6660 7106 5430 3226 3101 6332 8092 2556 6806 5690 1637 819
68 2139 993 2563 4494 5595 7402 2693 3867 3950 6407 4777 3898 873 5883 1639 6299 630 6419 888 7483 1620 4785 9690 5781 1526 6224 644 9372 7404 4425 4081 1046 5720 2970 6048 7378 8401 7236 7273 4035 8271 1471 9429 2898 9009 2787 1987 5004 3725 3673 3572 1857 4999 8802 3351 5795 7280 4811 7156 573 8228 9573 5481 7066 6390 4771 7341 4329
70 2223 6197 5354 3171 4754 810 2836 3618 5997 7890 7109 7416 5258 5066 2701 4628 5744 1750 8365 9762 8154 9554 2846 871 194 9771 4443 6460 4952 3131 7072 1321 9261 9902 1145 5767 5072 8095 7778 8614 2327 5493 6712 5186 985 1955 4399 6777 8525 6381 4225 9519 8101 2875 6774 8818 1357 4008 2533 1181 9320 990 4352 1079 2380 6842 7806 2587 6596 3386
73 3016 9168 5370 5326 4989 553 7014 6250 4909 7151 9139 3536 1644 6481 6766 6816 7201 9753 7338 6978 5105 2175 1098 4520 3280 5175 6318 9728 5694 5281 403 4985 6388 7242 2534 9334 8329 8990 3978 9050 2798 6617 6315 2660 1625 4023 8817 6896 4731 3969 3933 3032 5814 9859 9789 5981 2437 2732 7524 4416 7154 3649 809 9347 4872 7008 7371 936 4235 4364 7886 8395 6614
70 2600 2378 3384 3179 1896 8177 7251 1983 3694 3932 2195 9115 4175 1236 3242 9864 8488 3904 8349 9781 4562 8483 9254 257 5793 5329 3434 5770 9187 1972 7118 1721 3003 1853 7238 1664 6462 938 6106 4800 4406 1351 3432 6039 8537 6232 8303 7067 8452 7971 1569 7269 2621 3133 5305 2883 6053 4407 4984 818 3355 575 9164 4890 7921 7294 9995 6133 9969 1177
68 2098 6808 1109 377 2202 1330 6664 5675 6092 8324 3763 7116 4834 6211 7203 5867 4828 996 8264 8005 8458 3683 7671 8477 111 7037 4533 2935 5347 2495 2066 5874 2675 5265 3944 1914 4351 5956 6323 7437 2447 7292 8313 1450 2271 7624 8703 5111 8809 7530 4729 4449 7480 9335 6248 4927 1815 3354 4973 7968 2008 7631 491 2213 5361 3570 9770 6479
73 1959 207 1938 3720 6488 4766 8134 8400 9933 1772 9559 3620 1053 7144 8937 4694 4221 6522 1012 5274 6328 9531 1307 5142 5856 6609 6918 5420 9677 4100 228 5417 6486 8963 7696 4829 1146 7587 9716 6166 2193 9197 8996 7676 1973 9998 1073 8800 4886 8312 9271 9834 6536 9682 9879 9377 7440 7505 4631 2063 1287 6013 8559 7050 8792 7319 1184 9100 2968 8819 1946 7540 4275
65 1566 4768 1386 5837 766 548 8850 8797 3149 6234 273 4050 2535 7790 6554 2359 6727 6676 2748 2313 106 8322 4831 9317 8944 7815 8623 7039 1724 6693 359 9300 1102 1188 8650 9091 6433 5519 5378 6607 7673 2245 4482 2792 2270 2702 9316 4016 9171 3115 8430 2934 4176 1731 5686 6011 5386 9041 8830 9687 3522 4058 7903 8443 8816
71 1826 6845 8546 27 7494 8227 6890 8586 3914 9129 9190 2049 8575 4309 8798 2762 1302 2680 8398 6584 3340 1680 4898 5951 1889 4720 9497 8337 8989 986 710 9672 5606 2739 9588 1063 6521 6170 5239 3043 3571 1950 2806 2839 4475 3621 4595 2871 7547 7211 2180 7827 6455 6254 6583 4038 9886 2491 7477 889 2779 6358 5734 2904 4793 8290 1150 6149 3159 6625 9700
33 2038 8346 5383 2496 8983 4773 6416 7552 2469 7020 9076 1250 1575 589 5706 1412 7299 173 4672 1149 9808 9231 1064 6715 3608 8089 1723 3817 545 6085 6429 6010 3778
63 1785 1048 5557 6720 5756 687 7042 3324 4327 9817 2914 7603 8277 4192 791 3033 2782 7777 8873 3745 1730 2233 9737 9973 5906 4153 3407 2382 9311 7321 8007 7431 6742 9283 7779 8498 2462 3740 6649 4070 2319 912 3263 3337 7797 3935 8091 4744 8229 4537 6986 2285 8084 6688 9759 978 1705 7435 624 3857 1791 3531 7577
72 1711 7324 3076 1035 8386 3575 9522 9930 2570 1745 1608 3050 2339 2101 4948 7061 5850 4478 3465 9044 2961 1081 8206 8652 9529 3286 9502 2948 564 5497 2818 7308 8185 673 844 8762 2372 693 6653 4838 3204 4054 3193 5640 1213 8304 9641 4853 6270 3792 4220 8354 5089 8719 1982 6548 2160 9903 2197 9557 2095 2691 1316 6203 8893 5092 4998 5002 6843 8465 8618 7527
37 1666 4398 7382 2550 7704 9868 1805 6093 5942 7458 8829 6910 2841 1239 3836 9831 6500 2608 2868 6359 2738 8263 7405 4521 5821 3532 1545 266 2373 8808 5327 1206 6449 5766 8665 2833 6137
73 1434 8858 7760 9157 5941 9200 2205 4802 8049 2965 1907 9915 4096 132 8285 3741 1784 2794 9437 6559 3715 7390 2955 9420 8917 2924 9689 2122 4869 5000 292 71 3819 4919 5427 6996 9060 9390 6846 6540 758 5648 4570 5287 2200 5628 8866 7476 2164 6394 9566 5676 5722 4013 9972 3577 8706 7228 7868 7644 8672 7544 5569 3041 3451 2041 3958 9444 8539 2249 3059 4978 4361
68 1179 1572 3256 1752 4796 1712 5529 26 968 5826 9033 2768 6746 2057 7464 7028 7379 1707 6562 7755 5838 7703 789 5384 7472 5597 4732 8857 1915 3839 5063 3705 3759 918 9763 8489 1171 2015 2326 3067 3567 5081 4043 3253 3822 8947 2362 5338 2605 5364 4024 3990 6723 5765 5575 6619 4042 7396 7413 4702 5215 9293 9071 371 4345 3870 9932 973
72 835 8946 671 8607 8545 1191 7448 8934 9646 9632 5668 9382 5999 8693 2126 408 5368 3949 9223 93 7915 107 3647 2281 4055 987 5119 7336 4945 3146 8294 5488 8591 799 777 2082 7344 1885 8124 9252 4335 7196 2889 8139 5001 1346 5123 8016 6307 9944 8086 4725 6034 6700 1984 1561 8729 4427 3699 6899 7019 4959 7517 2866 661 7804 9869 3366 5897 7165 5988 6413
70 820 7883 3827 3169 8678 5206 5511 9459 4917 3396 1152 3347 3537 9494 6221 8328 9461 927 8441 9425 3215 4900 8603 1269 5070 4140 4293 6997 7432 3174 8855 9278 2724 7104 6892 6208 7844 3888 2077 6365 982 3639 6353 9046 7585 7103 3007 4405 5335 7874 6297 4234 4308 4755 6840 4121 4362 9977 4039 8112 8770 6002 1939 3663 8928 2349 5930 7718 4977 6835
66 1134 8709 9740 1312 1768 227 1924 2933 7279 7650 5416 653 9537 8756 3205 5170 4642 9495 9954 7745 2552 3144 2799 7032 8296 7785 123 924 3269 6836 8761 7493 2982 6134 1054 6714 5056 8333 9262 2899 5554 5463 5616 9125 4203 7420 9206 9305 1570 9198 9348 4790 6103 1374 8203 3111 7730 547 882 6028 8024 5054 9968 4962 8470 6135
67 691 2805 3363 4980 5097 1364 528 7421 6231 540 6748 6237 5005 9708 8462 7412 5670 0 380 1306 9499 4527 8309 5659 6856 1837 9089 6582 8824 5890 9303 6951 9389 2761 9800 1249 2348 3250 9098 8087 3960 3419 7578 9017 7495 9965 4206 2958 1513 5663 3689 1658 5221 1869 6478 4746 2885 3014 5907 3760 3962 4592 8037 7004 6587 3529 1596
69 719 8424 654 9858 3628 9117 5908 450 4937 8464 9836 3845 8549 6242 4104 6779 8746 6267 9107 5772 9491 3882 4588 4500 5045 2735 4818 2040 7766 2897 7941 1128 4074 4160 7948 1358 2006 5268 6119 7514 4164 8023 7975 8495 6958 8419 5078 9711 6165 7085 5141 3294 9176 7490 2884 3752 4369 1800 2537 4291 4762 9904 7861 4354 8387 9431 2157 7652 1766
69 493 570 9440 1125 4390 2241 554 5069 5031 3099 6925 9123 3744 2746 663 768 8368 8727 7866 7541 9880 4444 7038 6872 6800 8214 7928 8755 7830 5162 4382 6174 863 1482 1135 5718 6743 2527 8129 5531 8461 1632 5389 6417 4742 8608 3690 5034 1901 9357 5888 5025 8449 7055 8308 8174 3946 7508 6533 6901 843 6762 2119 2915 574 3381 4963 3021 8629
69 389 4935 804 625 596 5608 5324 9492 6463 2472 2048 8074 1241 4227 3610 167 7375 9238 1245 2450 3192 6550 9798 2415 576 373 3078 9087 9703 199 4376 2463 2354 7077 2428 1308 3401 6321 8942 958 5479 9659 6877 1336 6476 5043 9701 3718 8380 6641 1510 2196 8157 1966 2199 8739 7220 3706 3510 4020 581 7166 2170 7817 5375 870 6952 3554 9784
70 333 3922 3581 750 4794 1285 4808 1140 1139 1822 4034 5181 8584 4867 5201 9456 662 9182 8377 9338 4413 1083 6847 8689 4243 7824 5998 9628 2606 8686 1467 6484 5048 8601 7725 2225 1783 8860 3512 4470 2663 3408 2754 2131 9985 9846 2208 7403 4333 4007 1528 7034 4563 5452 6489 2729 5408 5294 8343 7411 4228 9134 6637 4561 5161 4461 5789 9015 4789 8009
68 156 577 1472 4349 4433 5528 128 108 1520 4529 3291 919 4983 4627 7538 1340 7840 5223 5315 6944 8874 3865 793 3336 8677 9908 1233 9072 9739 1097 7150 9279 8149 2546 2300 3897 5026 9040 7932 5419 9156 8259 1366 6087 3142 4778 3999 9102 9715 8456 6579 3257 5624 1900 3559 5158 5538 1930 1981 6921 1361 4680 3083 9786 6969 8307 3048 7368
0
0
0
0
0
0
0
0
0
0
0
0
0
0
0
0
0
0
0
0
0
0
0
0
0
0
0
0
0
0
0
0
0
0
0
0
0
0
0
0
0
0
0
0
0
0
0
0
0
0
0
0
0
0
0
0
0
0
0
0
0
0
0
0
0
0
0
0
0
0
0
0
0
0
0
0
0
0
0
0
0
0
0
0
0
0
0
0
0
0
0
0
0
0
0
0
0
0
0
0
0
0
0
0
0
0
0
0
0
0
0
0
0
0
0
0
0
0
0
0
0
0
0
0
0
0
0
0
0
0
0
0
0
0
0
0
0
0
0
0
0
0
0
0
0
0
0
0
0
0
0
0
0
0
0
0
0
0
0
0
0
0
0
0
0
0
0
0
0
0
0
0
0
0
0
0
0
0
0
0
0
0
0
0
0
0
0
0
0
0
0
0
0
0
0
0
0
0
0
0
0
0
0
0
