38 9890 862 5136 874 3268 1123 795 2840 402 107 8249 2832 1248 7815 1557 7377 3975 2606 6114 1885 9355 4434 7889 4453 6527 6505 4886 2787 1362 9374 5589 4468 9924 3239 2275 1010 7805 3531
36 9988 1204 1196 5156 6756 4195 4227 1344 9350 4348 8974 1423 1309 1292 7247 406 4371 5479 6807 3602 4305 8230 4846 6373 5576 2089 880 6289 8567 6002 65 2544 8298 946 1235 5486
36 9960 9826 854 8833 7667 3703 7299 7369 6562 1610 5142 5781 3035 7645 1934 3464 4918 9421 8295 9046 3824 3822 4016 7797 6700 3270 8719 9503 6887 5795 8987 8272 5698 764 5562 2367
2 9925 1938
4 9888 2672 1587 570
34 9872 835 9117 8134 7894 4455 7723 7952 2298 4566 3430 6277 3794 9908 9092 1044 2235 6996 9177 361 5037 2087 1743 5626 1663 293 6489 7998 1181 127 8501 1184 869 1651
35 9861 1846 4807 2971 2323 4252 5619 5850 1707 7693 4289 3398 6183 5852 2977 1046 2981 6895 6220 6714 762 2684 761 935 7454 897 5316 8045 3369 8994 2308 5678 2850 3504 6614
1 9858
18 9832 3860 5149 5917 2305 1059 375 8681 8381 4350 9380 437 3675 3565 7950 8505 5661 1490
30 9822 3766 2550 910 1148 8872 9777 1229 6866 3429 9531 6385 3925 4882 5768 1188 4598 8882 6521 8029 440 2344 6777 3792 6880 8923 8428 5140 4908 7154
37 9738 4114 3104 5245 7638 2769 6516 1283 2301 1898 3821 9153 4684 4774 140 1701 125 4199 2671 7033 9197 1613 6963 7570 3569 9512 6019 1018 1447 5677 2976 6867 9474 3008 7841 4871 694
39 9670 3922 2090 528 5997 5456 8697 3318 173 2680 9220 3487 9835 3863 997 2495 3926 9367 4779 2032 2283 3418 4570 5154 8396 6695 4441 6894 7627 7954 3613 2796 4042 8164 7951 5844 8589 126 1793
32 9475 4115 1566 4057 3501 1520 2135 5436 8746 7878 4454 6163 3481 1349 3298 7830 6809 4045 6591 920 7126 9830 7630 7999 3432 1565 3690 2742 7913 9603 1479 235
2 8995 2713
34 9601 2496 5528 5237 3763 5117 949 3091 2771 6764 4263 1980 161 9051 2877 3778 1873 8621 3961 6106 8758 5773 9085 4670 4308 7905 9348 1874 4337 2712 321 2213 537 9346
37 9696 523 9951 6363 6973 8204 5990 971 8454 3544 290 5578 9332 7560 4599 9389 965 8942 9757 1886 4244 4738 9706 6054 46 2180 1979 3823 7139 6076 1279 1943 8893 3931 2585 4364 7162
38 9714 2607 2241 5537 9811 2747 3881 5435 150 7748 1797 9260 8147 8808 778 3798 6878 3054 5095 131 6384 7218 2492 6792 9901 9271 5788 988 9301 1685 4105 9900 8061 2441 5845 8132 3554 8385
34 9814 395 5903 7335 2145 6211 6427 996 6547 3654 597 3742 7188 7949 680 1145 5202 6438 3890 1780 7027 4159 2361 8357 9225 3947 7734 4631 7280 3796 9916 9388 6142 9969
30 9742 4989 1021 7922 9702 4156 3755 5682 365 2674 2917 1132 6037 3825 258 5664 1774 8732 8051 7221 4103 4070 1286 7550 4939 5143 3593 8104 6631 4490
38 9688 8434 3385 3735 3898 8072 9856 5303 8828 8840 3683 6711 4431 7863 8755 3488 9414 2730 7831 7053 494 5806 5003 2133 4911 8524 2035 2002 7145 9176 3498 5571 6325 4479 637 9410 9343 6172
1 9764
1 9594
37 9581 3827 7235 5942 6889 5400 158 1093 3669 6919 9854 363 718 3191 9072 1962 1879 2939 7013 379 6009 8155 3162 7083 6987 7599 2471 3294 5319 2824 737 2627 4841 6442 7362 4875 2338
33 9435 1817 8152 5476 6474 6504 4309 4137 4465 8700 6364 7672 292 3879 3568 7557 3888 802 9419 6315 2754 8208 1432 4283 6986 7714 859 7858 4680 7837 5021 9404 3810
33 9488 3551 8781 8624 9484 5360 6658 760 4205 6550 1219 7450 4021 9300 339 1856 3108 4340 618 8461 6739 7314 9532 5264 4000 9193 5660 6201 9679 9765 9971 7322 1596
37 9543 1191 3937 3316 7985 4716 7022 771 1411 7916 6740 323 8131 7925 6238 2408 9792 5800 4637 5299 4614 5810 4389 2598 4806 5807 3497 2317 2588 1337 1281 8695 9912 9927 1255 3868 6148
34 9443 5952 8027 1964 1907 4730 964 9848 2318 4785 4201 9127 39 6581 710 6716 8489 1416 1927 2364 3113 6249 1582 3017 6923 8342 8922 2991 7396 9563 4913 3030 7854 3748
34 9445 6640 6928 2640 8193 1659 9147 1854 7866 5296 2947 1526 3392 3454 5974 8066 3441 5114 5026 6905 801 7495 488 5339 2566 3483 7520 3098 3014 2088 2123 6626 9918 3436
1 9446
34 9662 5334 736 6382 6000 2992 2770 6615 2624 6256 5412 5292 2033 7043 2704 4471 2125 3599 6204 7292 1523 4399 5458 3900 7250 8789 9022 3930 5466 7968 3349 3633 3159 6576
35 9692 6879 7698 1175 3036 610 6703 4545 5425 4124 4657 3134 345 8842 6414 9344 958 2290 4118 4787 8303 7403 8021 4445 4848 6241 808 7602 1305 4517 1022 9829 7654 3870 7021
34 9718 1956 1909 7230 7575 4181 8281 5167 2613 8783 1693 7942 5404 2720 1406 6418 7044 7307 3641 4509 241 1246 9518 2490 5494 6116 6455 5776 3948 486 1705 9731 6235 6413
35 9727 4994 5462 3462 5151 5783 930 1904 5084 3865 3364 6434 8938 3585 4633 700 7499 211 4752 772 3976 5094 8181 2240 1202 5341 6103 7868 7289 5549 5734 2143 4963 98 2107
34 9740 9868 6754 1745 8471 4104 1770 9583 8154 7597 1849 1564 8294 331 3321 8378 1054 9011 4610 180 3852 2208 6525 8664 2102 2160 2896 7647 4702 852 4422 6149 1778 4659
35 9887 6729 7929 8745 6351 8937 3804 4969 2489 4145 1792 5603 4443 4344 394 6951 2893 6846 6698 2708 2740 8843 9156 4357 9801 1384 2210 2612 5337 2393 1333 5787 1875 4789 592
36 9561 5846 665 2755 1644 6262 2920 4116 3195 3185 5510 8603 391 4990 4136 7007 6182 8807 2869 3129 830 7181 2029 9749 176 7211 4569 5381 6317 8522 5711 5092 1678 6680 6179 9837
1 9440
2 9413 3076
2 9392 3877
36 9360 7984 6046 4006 4777 721 4030 1542 6744 2281 7661 7614 3402 2548 5869 5993 3028 5972 4177 112 1632 9487 9516 1332 4968 4176 6911 5009 4905 7121 7166 1015 5712 9296 1099 3227
31 9371 1691 2557 5115 8613 8584 8201 7489 7592 2846 4958 1228 7370 430 8137 7012 6362 3639 4946 6443 1649 4663 6662 5025 4783 7119 8247 1115 8792 7004 7534
33 9351 3425 2332 34 3932 9273 9263 7185 8790 3558 2477 1883 5514 4153 2044 3449 1135 3753 6565 7591 1702 5444 3097 6805 3309 4485 4039 3800 1937 4695 2814 8470 4901
31 9191 4107 8227 6655 1560 6556 8991 385 3724 3532 3637 4435 8907 9187 8509 1249 982 2387 7829 1213 1591 3736 6080 2483 5402 1509 3697 3970 6842 8683 5690
36 9321 2758 159 9104 1139 5263 357 8250 8012 3040 1149 4630 6344 5597 5036 8815 8538 4294 1553 7265 7069 2245 8116 8271 3973 9319 4173 349 5091 6838 4936 6932 6074 4058 6564 3082
38 9340 1831 8927 3519 7020 3702 5102 5522 456 4809 4831 7664 7484 1548 67 1972 9010 382 4148 9570 2312 471 8804 7350 5139 8086 1077 7113 1506 823 983 8343 6654 9774 4257 9349 7460 7417
33 9328 7918 6992 4239 4480 1890 9590 164 3420 8076 7045 6989 8859 1085 6143 1146 2741 9098 3740 7823 1910 3738 725 9399 6560 3112 105 2567 3607 5780 8744 2582 2388
2 9284 474
15 9282 1048 8399 2940 1049 1462 3049 9055 0 6971 5822 5508 3892 8536 799
35 9215 1387 6245 5185 6925 5244 6016 5052 3644 2525 5502 7610 3494 1747 729 5104 6432 7898 4780 646 976 3550 8662 6165 3725 1110 9364 7666 6339 5459 378 3840 2594 7555 5065
40 9211 1038 2649 3987 3762 8751 3757 5525 8494 6874 8005 5769 2595 2547 9502 2076 781 1847 2683 4317 1819 1918 7438 8082 9730 6788 7646 6372 7497 2575 7658 8393 5615 9112 6447 24 5736 4708 4111 9255
35 9189 3181 1807 6635 2570 3323 5066 2167 5637 901 2001 3545 648 2647 1920 3584 8864 3152 1122 4843 6466 6110 6087 3789 9843 1381 4462 1857 1714 7807 9579 8959 1136 7655 3232
3 9180 3353 1641
35 9213 6461 8919 4966 3164 7176 2346 7891 9461 4004 6606 2050 8976 865 1483 376 9552 1114 7206 4482 1578 3244 4861 763 959 3307 9377 6688 9285 4811 8582 9071 2493 9556 4361
37 9246 810 6864 9079 2049 1740 956 4692 8292 3715 734 5601 4732 5828 9434 4098 8109 5346 4146 9469 2307 6827 7959 6034 8059 9331 821 7228 5702 1209 6929 8077 2008 1991 6830 511 4329
1 9194
37 9168 2711 4338 4169 5349 5826 7715 236 9565 5163 8036 2415 1207 8318 686 9618 8426 6006 5727 2060 7385 3013 3125 3728 6528 1992 3874 5452 316 6335 6713 5882 4352 8978 3540 6017 2103
3 9159 3216 1711
36 9151 3873 1813 2890 1014 8949 3907 5797 2609 4642 8235 670 472 5906 9983 322 4132 3003 7725 8031 4955 297 9653 5498 244 2696 6107 4563 9486 8955 6833 439 556 5513 4771 8395
32 9157 2954 6509 3707 2218 1412 4394 2574 8289 8894 9993 9809 1144 2404 8915 8348 7271 2219 2111 1346 9626 2662 1180 8212 3206 4912 661 8749 574 1672 5930 8392
38 9155 993 8205 4944 3950 6177 8663 7488 9394 484 2983 8483 1516 9087 3563 6010 673 7099 95 9312 6146 2447 7143 4187 19 8452 9541 797 6517 2282 6086 9934 1288 6883 9968 7270 4690 8009
38 9145 3831 2765 5984 4091 1835 7295 6718 1133 8239 117 9289 1259 9173 5327 228 9068 2082 2342 3344 1391 2445 3891 1845 4894 2641 2455 2438 2117 6541 4038 3459 7604 2523 4548 836 1773 4087
36 9141 2563 4878 8026 8118 4607 684 8957 6167 6652 425 8680 1692 3286 1585 1650 6063 3944 5072 5270 9066 985 5495 72 807 4982 9638 29 9680 2434 7683 5527 5398 3589 1345 6301
33 9111 2793 5938 6003 5668 4249 1795 1677 2762 2794 8649 1971 5035 4168 2826 3124 8446 7919 7586 1535 6376 299 6853 4330 1478 3578 5686 4608 8018 2329 451 7978 1868
18 9106 3516 1752 4390 1186 2 7798 4144 8266 9961 5157 5053 4432 5070 8573 6773 6763 8352
39 9058 4049 6597 2855 5751 60 2746 5744 6616 9622 8581 7046 7415 3791 6590 2520 8020 5833 8254 5786 4845 8960 414 7189 7141 8198 6682 5891 3750 7252 3066 8810 2779 5526 4698 8037 825 6121 6511
39 9053 3636 1788 7402 6936 2186 6995 589 1487 2531 3647 5301 400 4489 4383 7838 5198 2817 3889 5827 6078 7248 6288 7064 97 1026 2880 7266 5932 8739 1527 8058 2709 6052 769 7772 7294 2956 5707
33 9049 3210 9460 2604 3867 2535 9027 2429 7441 8263 6473 7038 4652 2590 2178 9309 6508 1771 6166 1567 56 1033 5150 7093 3549 3485 7825 2543 1902 3521 6799 1877 2626
34 9054 4166 49 8885 1024 8820 1681 9242 4828 9533 8042 2280 4032 2705 2589 5122 7882 6492 4645 7428 7373 1940 4932 3980 6679 6661 4850 7342 892 2571 1105 4268 1954 1508
37 9014 3209 3765 7014 7982 9286 3696 3118 1131 6128 8478 5369 5119 3228 9677 239 2675 664 9609 7172 8498 803 2113 6759 967 7749 3053 3627 9978 894 5391 1428 6823 119 6974 212 2084
34 8980 2163 8568 8952 2244 1600 5945 5912 9477 6978 9870 6329 2055 6191 5000 8605 9135 1294 8796 2372 5505 8534 5640 3776 4987 9269 136 5172 7967 3729 9698 5054 5418 2288
37 8946 2378 1512 3911 747 6961 7579 304 970 6752 902 1545 7409 3484 2255 4658 5024 9694 1905 4167 7378 9674 4860 4899 1949 1843 4242 6926 8965 464 1378 1474 2737 2807 6217 2134 1154
35 8858 3171 3640 9408 1241 4053 2439 2021 2039 8040 168 9281 384 9057 6178 7740 4011 2549 2593 461 6387 1471 104 7293 8998 7339 186 3438 9713 4995 9113 1916 9786 6650 496
35 8854 3363 2156 6425 3598 1554 8418 8417 6902 9853 6160 413 9529 9728 4835 7884 1667 254 633 386 1789 5038 7732 1075 1090 6196 3561 8169 809 5985 3959 3421 1697 8898 1648
36 8849 2381 3856 6595 5675 2736 462 2279 590 6057 1127 4588 8493 5366 9760 9964 8604 3695 6772 2225 8982 1495 2070 3433 6558 727 4816 1529 1031 5665 9805 12 7817 4586 7187 8694
29 8786 2583 1330 1410 7986 919 7065 2027 1028 7765 3546 3515 4952 5913 6024 2967 8550 4113 2224 1848 1502 3248 8817 201 8354 160 1841 9034 2248
16 8725 3423 2517 4701 8503 5207 9754 3267 1593 2136 420 4483 7727 7108 6098 225
36 8709 1062 3575 7253 1178 4739 6500 5670 3439 9240 2937 1083 1668 6318 1880 6882 8384 522 9876 9852 8226 3884 5636 5194 6401 5995 5243 1017 8555 7518 3760 9463 6821 8443 2678 5453
36 8598 3660 3562 5336 4067 2767 593 9165 3479 2334 8506 7163 9733 6666 9793 9855 2818 3317 4288 5191 7615 1050 3885 8156 7067 867 2196 8622 8203 1800 1975 8682 7631 4256 5836 419
2 8561 934
36 8595 5967 450 5298 6073 1430 132 7800 1932 7981 7931 6472 9562 6999 5281 1952 6836 1451 4230 6226 999 6628 7103 9985 672 5858 8405 9259 4426 5728 3727 7970 1820 4714 9643 7207
34 8724 746 5008 5197 3260 4219 4018 6580 3090 1194 2274 871 2078 7082 5124 4547 4081 1721 3963 4027 1376 6476 2592 5754 7469 6420 5225 149 7705 9099 2911 120 6955 6730
36 8698 6347 3302 1756 9520 5144 4694 2774 1836 4457 2286 1861 741 8591 4074 4226 9598 7803 6512 8900 9896 9965 8064 4744 4971 614 8243 4593 262 4291 8880 3072 1928 8715 3048 7796
33 8669 7115 5129 7109 9816 8176 7028 4452 3802 2009 6171 7873 5497 412 5720 5067 5775 3567 8336 3371 1006 3189 1534 7665 6355 4979 7601 4138 8981 1464 8151 7908 3952
35 8653 1067 9966 3050 171 5796 4298 3556 4874 7580 9973 1708 5818 8899 8435 8334 2615 5842 6991 5880 5389 8643 7398 28 6122 1859 5019 2978 5017 3493 5536 6776 9866 7608 2504
34 8896 9942 4327 9817 2201 555 9864 1433 2892 5068 7536 1045 2825 5417 7696 6873 5732 1382 2951 4492 3293 5463 6381 6934 3509 7594 9631 9686 9517 3226 5489 3403 9354 6051
34 8961 6765 4311 2841 784 2642 5424 2435 4044 230 4726 8214 8347 8145 5118 8601 5943 1536 263 226 1710 631 3751 4536 1232 4624 8302 9759 617 9383 8619 7315 9527 6588
34 9136 9131 6117 4926 7668 5201 2410 4174 2243 8260 9497 855 3828 5718 1439 6851 7912 7210 4812 3245 2458 8809 3200 3977 6239 4907 8515 8845 9001 8305 3758 4135 3913 411
14 9248 9743 6871 3582 7790 1055 7110 1012 1895 8238 2931 4533 1244 3981
34 9288 9336 7120 2573 5181 4165 221 4703 174 8460 1871 2457 9839 3982 6115 3806 9959 9595 9050 9525 1366 7762 3395 6608 2934 9652 2553 2302 9253 9208 4274 2902 9697 2217
37 9447 330 4870 1926 5226 9241 5188 3854 3803 2289 5802 5055 6210 8191 9651 6486 6544 2837 6451 4623 2425 7079 4719 8800 6132 6514 8881 3221 7902 8802 2812 9576 7100 5471 3366 1690 75
35 9498 417 8778 291 8714 908 1689 800 8004 4792 8628 9575 911 5428 6735 6399 8341 4756 5394 884 1338 4086 342 2073 5141 8635 607 1112 2328 4367 6415 7726 1727 1268 8799
31 9538 5475 7648 9095 3283 3537 9235 2207 6276 1986 5329 5488 4410 4161 1504 6462 9794 9276 2379 9929 2898 4233 6047 8485 3706 4798 796 3474 2968 4419 85
35 9589 5529 1822 421 7482 6554 8442 3513 8812 465 5297 7352 2656 4992 3065 3942 6692 6540 7196 2727 5755 9551 7003 1510 8676 142 1628 8576 1834 6704 4619 5926 5374 6542 5269
33 9038 7569 7394 8625 8540 8237 5654 1521 3619 1730 6708 7305 2502 1948 603 568 4414 4970 5331 8495 8054 4206 7451 1989 8852 5624 4360 8146 9064 8743 8774 9724 4184
41 8644 352 7871 4769 8324 4715 1239 53 9315 2738 5312 8458 7784 5904 4374 1214 2859 8015 4157 9666 8529 6302 3046 4261 9676 9237 7716 6605 3338 6852 9657 5599 4746 616 4840 5918 7852 9650 3285 1627 5885
35 8579 7708 9522 8890 229 3186 4307 2908 841 1555 1360 8153 2325 1933 2004 4743 7493 3525 7700 6170 5825 5357 608 4649 5111 8173 8888 2177 2962 8979 6397 2380 5915 2783 7527
37 8607 3503 8969 2042 3557 2519 2710 4015 9172 2403 5856 7767 2122 8892 55 1467 5820 1552 3939 505 2521 4372 8692 1284 9298 317 4296 2072 9277 5936 3734 3653 3645 5953 1367 9799 6787
33 8551 1359 487 7323 5940 7286 8831 2687 5969 5763 833 3431 6145 71 3010 643 4669 3927 6689 1684 8869 3964 7945 8951 9508 1978 7094 1361 2959 4674 9995 5681 5823
37 8545 7096 5886 5153 2506 5896 6566 6643 380 5074 7812 9056 7000 4002 5782 2171 1392 2278 3047 5174 6494 9017 6775 5047 4491 7548 4041 9379 6548 6751 4008 8117 3092 1801 4962 2810 6441
13 8730 4757 5669 6407 5585 6520 4795 3489 2989 5311 7766 4696 3368
31 8948 7752 9130 1448 6292 7201 6295 3770 5403 2629 1867 2923 5817 831 5477 3837 4054 1624 3077 1159 5607 6370 2162 8902 8542 7544 9535 2031 6498 7178 1921
33 9031 416 6620 9967 2912 9803 9745 3341 8182 4679 7753 3310 2833 8650 1830 4373 1606 3004 5980 8403 1561 7420 1617 3676 7461 4741 1580 7152 4981 4552 5591 1551 233
15 8546 9992 9506 9224 6677 3347 3242 2748 3520 2562 2552 8917 5480 5834 683
37 8544 3782 1285 6970 3373 5598 8549 7974 6859 3587 9006 7875 7776 2412 7941 3095 7104 2220 8610 9409 1858 4648 5212 6863 7041 3178 4859 8451 5039 692 3988 7090 6029 4526 4635 7348 7264
34 8450 3482 4507 8733 2051 4175 8293 1414 2337 689 1082 8358 4243 4612 7118 4813 7431 9232 8860 8975 7500 3231 1806 5871 9722 11 5286 2376 8043 427 9003 8784 8479 9204
17 8453 1035 5555 6416 3264 4186 6444 15 8834 4745 4724 9231 615 5440 5699 5689 3893
36 8424 2847 9591 502 9606 1053 2339 7406 1151 2322 356 8150 6357 3055 2355 8332 2551 4551 3692 7763 8867 8023 8444 6555 6118 1528 458 7862 9514 2025 6916 9613 9991 561 9163 7368
1 8267
35 8339 3471 40 4151 6421 1042 745 3182 8377 2707 4040 3506 9089 4914 3360 7388 3132 8871 2324 8370 2792 355 7783 1335 7170 7254 3861 7073 4150 4196 41 624 5257 2719 6422
31 8346 42 9366 5345 961 5968 7383 397 1804 8577 5496 6084 5547 4504 8769 2576 7130 5752 4424 6726 4010 9016 5929 9775 9101 3219 7106 2345 9100 341 3375
2 8407 493
36 8364 3460 5134 9219 5680 515 5348 8718 6538 9327 5490 4921 2857 7877 2017 1829 2114 7924 7200 8972 2407 7510 5616 7051 3809 7303 2503 1005 978 5805 5215 4827 7839 1738 1990 9478
37 8372 94 553 1192 8083 9150 238 9989 7840 5105 5838 7419 7802 3846 7404 6811 6291 7692 1783 9047 5541 2806 7975 9726 6604 562 5961 6281 5445 1374 6907 5110 1446 9358 1001 6596 6627
34 8383 9584 8431 9930 3811 7603 5705 9302 7349 2158 9339 6715 3315 5352 3685 2657 1461 4277 6048 4240 6617 4534 7961 3466 6285 1569 5414 2363 4362 3687 6784 3311 8574 711
35 8404 9417 8297 7191 7367 1961 5867 7526 9393 4079 7462 4818 4582 116 9769 5839 9326 1496 5648 6649 3718 5099 3969 6913 269 6848 3224 640 3649 2834 4197 8105 9645 2587 6202
35 8502 1060 1113 3919 2144 8050 5759 5302 4900 4520 9012 3290 2314 4090 305 7310 1456 3895 3359 3419 307 5572 3337 1356 4920 9210 8962 5232 3946 860 467 8062 9544 4712 2497
33 8394 9568 5387 8273 9322 740 5925 7960 9149 7703 8689 4064 7068 5766 3819 6945 751 6365 8288 5484 1781 6343 9611 7241 3768 6066 1454 6709 5231 6303 824 2634 8696
16 8472 446 2469 2168 1604 1198 975 5739 6162 1310 9093 7472 9090 7387 2699 1544
35 8315 625 3991 7011 4896 1250 1257 5693 4975 311 3100 5975 313 6918 8222 8616 1796 4986 9008 1636 3470 2292 2333 2131 7963 6937 6108 8127 932 4222 7738 1615 3202 8180 9932
2 8220 3075
38 8172 3145 2351 68 4909 1608 4784 4983 9665 9439 2728 7755 7671 6800 2062 4825 3705 1029 8338 5577 9810 8614 324 5043 6734 438 4208 3617 4755 1497 3542 442 6745 731 8776 2481 9860 4977
39 8141 4065 1753 8654 6093 1275 4560 7625 6868 792 3335 2247 2179 576 1749 4728 6449 3121 9464 213 5443 2757 2564 7808 2899 1803 7506 8301 3230 7657 8160 5946 787 6818 5870 7029 9580 2957 202
33 8103 4077 1030 5889 7042 2396 338 4887 3225 3858 530 9270 9919 4892 9739 9448 8124 4258 4836 8199 3255 495 5902 8408 1183 6769 3527 7746 2105 9987 4643 6656 470
36 8099 2202 8286 2459 1398 2664 2221 9467 5396 200 6523 7062 5413 7906 310 3795 8925 2666 2464 1488 3869 507 8571 9944 7685 6834 8430 543 4336 4705 7644 3015 9947 5667 282 2623
39 8097 2440 1408 5041 4660 8829 9076 9097 682 9599 3651 8322 6584 4691 7037 353 5395 1321 8140 7018 733 9513 8414 8119 4202 1379 8580 4253 6536 9605 4409 2294 2063 6828 2706 4561 3161 9873 5674
1 8184
35 8246 1734 2777 9984 7116 4248 4948 6437 3984 194 9818 9910 6354 5290 4425 6471 604 7778 6953 1195 755 3263 657 2932 4029 2579 1311 2197 4927 1266 2572 7002 4540 6133 531
35 8299 6785 9470 2012 7161 3405 6822 5079 4387 5760 550 7743 1158 1444 600 8675 4351 7795 2653 613 1623 424 8525 154 6243 8508 8633 2883 4721 1470 2866 6305 1295 5361 7341
34 8090 1271 5653 9933 2578 7773 7598 8876 7876 7522 1589 7237 7532 1458 713 492 4656 3376 8587 5554 2473 8496 5722 1155 3022 6209 9524 4228 9863 6667 1323 5877 3529 722
35 8078 2368 4236 7475 2858 9735 3391 8526 7359 927 5434 6233 7473 7355 6367 9158 6026 8475 3458 3073 6802 583 478 3031 6199 9137 6733 5358 7480 3352 6920 2041 936 9782 2630
32 8057 2146 6154 2365 1036 2430 1588 6551 2238 7316 5976 1074 9526 1389 2080 198 5581 2077 3287 8707 6045 7127 5602 9026 6342 6139 4884 7542 3668 7861 5717 5666
37 8085 2874 6231 9636 8693 8046 2608 5875 8389 409 2654 7336 9664 8666 9118 3894 9390 6134 9323 8333 8041 4763 6035 6803 9357 728 9402 7445 5719 8527 2422 5937 8731 6271 4956 2155 6014
38 8044 2234 534 2813 1614 2212 4639 7375 3103 1306 9126 5322 753 3631 9906 9845 8279 3477 8990 2631 2945 444 8671 9088 5271 5004 7818 7933 5873 7360 6260 2862 9041 1601 3138 2249 7947 8636
4 8033 4172 3233 152
1 7855
33 7901 816 687 7581 9804 2147 7408 7347 9986 4229 9548 3817 9303 782 3983 5978 3319 1581 500 8331 6247 945 8275 8252 2285 5101 6408 253 7677 9293 1027 6732 7899
3 7914 2584 1824
33 7937 3775 3051 2399 3518 9268 1441 5580 4487 9994 3388 1011 6893 1163 8639 2759 9453 4280 2216 536 1625 9337 279 827 7736 9550 5184 2405 251 2881 2969 9109 9982
36 8039 8523 6294 130 5182 289 7572 1238 1944 8000 9499 8593 8258 4945 2643 5890 8371 6044 3941 6156 8759 3650 6758 1240 923 4826 6193 1065 5663 6917 8940 8554 6013 9422 5216 4275
28 8183 4170 3149 7976 3412 9909 5138 5390 2303 1089 7847 1724 1960 6780 3807 9002 7556 2110 3193 2839 4653 3428 1476 5321 4102 9036 8648 7332
35 8121 457 817 9899 7180 2053 8320 7915 252 8486 1269 532 9821 4430 6272 557 4855 8926 3102 5056 248 9758 5061 7535 8136 2529 5765 7523 1786 8081 9398 5621 7066 3334 7559
37 7995 4796 8870 6493 432 6123 7691 6215 3018 1118 1622 4290 4376 3771 2903 6426 8355 8688 4814 5239 2309 5186 8016 7710 165 7302 8344 783 5657 6534 8241 7107 8484 6496 6240 3555 9784
36 8128 8125 7309 7724 3954 2768 7607 3297 9762 9338 4158 2909 560 8967 9233 5093 3723 4139 1571 4740 2299 5415 3414 3788 4626 3223 3572 828 37 2398 638 390 7729 870 8753 4347
2 7883 701
37 7851 3060 389 3630 9459 8950 1220 605 4183 6036 8911 6186 6567 2028 6586 2887 7072 7005 5075 3461 9122 4164 9174 4842 3089 9341 4024 1827 7895 1997 7457 3940 3406 7553 9018 6865 8629
36 7849 3709 1040 8481 273 5460 4408 2258 308 888 5821 2558 3797 7983 2276 9365 4617 7238 5652 5594 6768 3088 2602 7826 4154 765 1782 6583 3135 9865 1765 5032 340 1851 5473 7917
2 7833 3288
37 7427 3247 8678 6258 8699 2555 9963 7149 1160 2310 7405 8993 3648 1431 2011 6693 6993 8038 4368 5268 2658 6104 3325 6417 992 8397 2486 9305 4463 1811 9065 2533 2170 4600 9869 5050 7775
15 7782 2635 3665 5934 144 2963 4976 1994 466 9990 9798 4542 4130 6813 8345
32 7678 3384 5595 544 9042 7699 2966 7957 8368 1865 5639 3234 5189 7275 3453 4402 7321 2800 9547 3343 6079 8702 7635 9693 9142 6831 1041 1646 898 7754 9221 7713
37 7662 1568 1424 191 5112 9806 9761 167 2129 4478 7240 2601 8123 8325 9812 2808 564 3246 4602 1409 6629 9630 3535 3253 759 3566 5745 8359 3995 2694 7453 2844 2448 7089 7965 6898 582
34 7674 2830 811 8592 170 3 7485 6618 6359 4953 3130 3508 8813 6213 6137 4420 9091 9673 9734 2181 4299 5799 6949 7819 2356 296 8742 197 1576 8244 8070 1559 6942 9895
36 7735 6497 2152 5553 7742 1025 220 851 499 8316 7455 6069 521 5291 510 4511 4925 9996 4072 9507 4232 6353 7578 1823 2676 7092 9205 9878 2938 31 7731 3522 8187 7194 5240 9604
35 7760 78 9257 3383 3278 3992 1923 147 883 243 9203 332 1215 907 7308 6406 2617 48 9681 8129 9077 17 1291 6064 3915 6070 206 2784 3841 1815 2054 9723 7850 8114 8670
31 7828 3533 1924 2169 6348 5714 541 3745 6331 8477 5592 3553 9655 3251 7035 8713 2466 1117 1231 9294 5979 8102 4209 8929 2778 2214 6506 2189 1350 3829 5208
31 7822 4433 8977 9304 3417 1612 7061 2313 4110 4292 2943 933 1436 133 7298 2882 4737 4596 5655 1850 944 6089 8326 1318 5016 2721 2703 2904 5774 6587 849
18 7653 2921 994 256 6475 16 1737 6005 813 43 3299 9851 4388 5222 9917 1023 7429 3011
34 7781 3361 1066 1442 9627 7086 5125 9936 5274 1326 4638 972 1182 9228 4215 1314 639 5646 2034 5447 8425 6039 4301 4285 6071 9206 2619 8836 8823 5275 7789 3218 5897 3107
35 7794 7397 5377 2479 5082 5671 3541 7356 4025 5355 3229 3277 6997 4823 5691 2973 4448 3271 4421 2130 1654 8866 6839 1729 6095 1922 6903 942 1594 192 5593 6266 6633 6952 2894
16 7643 2652 698 4751 3694 3295 6767 81 3300 9362 9954 2176 5314 3273 7990 9280
16 7633 1893 9787 3172 4622 8277 3346 8285 2499 1839 4641 9363 881 7076 1695 428
31 7639 7031 9940 5310 4391 7327 1784 1657 5700 8877 6651 8611 5259 7948 3657 14 3552 9534 535 8380 6855 6801 3838 8363 634 415 4895 2400 2781 2936 697
34 7642 8366 9075 9732 5116 7528 9721 3272 2409 9660 3069 4262 199 8350 6025 6298 1094 5540 5982 7750 5614 4868 4439 7821 4558 520 8388 7799 3045 8935 8895 5507 5042 3116
39 7613 5756 6959 4 6283 3536 2677 4486 7541 9059 7390 3144 7131 5169 1935 6728 877 1507 3684 903 6396 7273 1941 2045 6469 6023 3935 2816 786 8521 9108 7019 6943 6532 5548 2789 7123 6598 969
1 7609
35 7584 2823 3505 9202 8356 1855 9540 8897 2541 9554 6572 9420 5192 872 1003 6187 2056 5504 9707 5695 8190 4496 302 3594 463 9519 6158 9608 4510 3614 8100 9244 9748 8387 1177
36 7606 3534 3044 9384 1562 8992 9238 6274 4444 6515 2068 9247 1919 2014 9217 7491 4312 7124 2753 4470 4191 3329 9144 9897 3342 3564 1388 3591 9903 1682 8712 6901 587 5948 9188 1397
2 7576 1472
3 7426 3190 1833
33 7511 3772 659 7232 9549 2622 9406 7392 7202 2183 995 1889 4266 5441 8007 2010 8908 193 2047 4498 1101 7669 129 5011 4265 4681 3588 1396 3652 4354 5851 7886 3595
15 7545 4543 5206 1675 6790 9115 5318 3917 6738 7660 1007 1837 5279 3834 8278
35 7566 9361 6155 676 8884 62 9121 5587 5315 4640 5843 3336 8089 1630 3839 3923 3377 6147 4902 4893 8313 9401 5469 7034 8014 6501 3586 1869 3351 2691 1881 3168 2915 3769 124
36 7539 5721 6032 3764 3238 6411 3528 9648 2142 1039 9720 9689 798 1097 805 6208 3389 8168 4800 5493 1732 2164 847 9125 7446 6641 1514 7465 5709 3752 8736 6153 5609 4353 2809 9558
32 8440 6402 9836 6242 6341 7054 9457 468 5509 7771 5442 9833 7150 5048 895 9823 3790 8113 3394 7504 6131 5145 7169 459 1686 7477 3710 6377 5317 7697 503 2507
32 8468 4122 288 1080 7637 572 6389 2064 5382 1799 5106 5451 7809 1171 2949 3571 9070 705 348 7814 3523 5992 7501 9620 8747 651 1393 4947 3101 7903 2561 1298
31 8504 336 7516 1429 8594 7538 6361 8914 5935 51 7407 8047 8861 2682 2546 9400 9659 1216 8703 7547 7274 8010 6273 455 5261 9476 6573 3467 3305 9555 7540
36 7418 3249 1925 552 9755 8530 8966 690 4550 9436 893 3743 5963 5847 7549 5808 7088 9290 4727 8028 4321 4162 9316 7956 151 9744 5710 9789 3081 9962 6637 951 7921 6969 6135 4171
35 7324 27 4568 7979 6234 3139 4636 35 662 794 4193 3340 3379 6672 3955 2262 5219 7739 1713 9560 8847 744 8291 9083 8473 7198 1019 695 1951 9353 806 2357 3826 6810 2494
32 7382 4797 128 7449 4400 6278 4903 2782 5784 6230 6268 3280 3606 4689 5063 3502 9381 917 7514 8480 4924 179 3000 3032 4484 9201 2927 6059 3962 3279 224 9958
36 7320 3704 8543 4458 5534 5520 6912 9537 3573 8256 9885 5023 8617 9952 5018 3456 7001 580 2739 6742 3512 7437 840 6195 5034 6870 6645 6477 2437 5521 856 1316 4346 1550 2556 7911
34 7318 4066 281 5127 1505 2633 504 8933 5506 8641 5523 3313 8943 3721 924 7962 1598 5590 255 8921 4618 1043 9171 3115 1699 7055 4326 1237 8559 4762 3024 1522 4014 8909
36 7256 804 90 1339 1983 540 4587 2058 8093 7896 8423 1620 3176 2799 2052 8801 1147 1661 2982 4109 9999 5236 5060 9530 9807 5676 5544 4427 7659 8685 7411 4412 7843 6332 8216 6090
37 7313 4392 2069 2228 6374 629 9915 8913 7561 4938 7330 8499 6033 4127 1524 6018 5840 4829 7146 998 388 645 1351 8269 7357 9230 6004 7085 8557 4729 9569 7972 566 940 9152 7153 9138
33 7277 2993 1386 6687 5077 8049 4697 232 8410 4734 1081 9500 9857 4379 9490 7509 2006 8087 1950 2128 7433 8822 7 1475 7567 4155 2250 8306 8409 8596 7801 4516 6625
36 7297 548 9646 1417 879 4628 7719 134 3604 7629 9376 7091 54 5811 403 4546 1063 758 6977 5295 4609 8367 1252 8767 2366 1072 7452 6981 5359 7730 5559 6798 5859 7926 3857 5644
34 7245 2223 1415 6250 1197 1631 4076 5916 9310 6559 9308 7670 6705 6927 8821 1102 3034 3672 5731 7626 9998 2974 5630 8735 1162 7987 3688 8788 717 6921 491 4512 6806 8311
36 7148 1187 182 5965 5171 9258 4096 1004 209 7317 5012 1256 7039 6224 5289 9370 3390 6757 30 3213 649 7285 5468 1844 155 3526 1372 2340 1375 4020 3993 5729 8585 8819 5273 6091
32 7138 3756 766 2418 1100 7151 5726 6826 5010 987 5238 5983 1402 115 9411 5716 1413 5790 2568 9262 5246 7624 9521 6984 8785 506 7197 8084 6356 2907 4585 3399
33 7175 5195 429 1422 4126 4567 4323 3281 1802 431 1694 5064 5347 3241 1621 57 9716 5076 7546 2411 481 7684 3142 2871 8091 9859 4270 4061 5813 3173 5002 9768 4678
1 7229
33 7205 7787 7173 3698 9123 7519 5949 5126 3205 6750 3835 9482 8931 2842 861 9902 169 1832 52 5098 2420 8947 1230 2222 315 4210 7376 2261 7810 4872 5375 8096 6491
36 7179 7611 1772 3620 4286 9391 6105 1322 4017 5100 2030 822 3314 6721 1401 3801 4213 3616 4838 8158 4654 508 1273 7372 8209 8411 6702 2360 4961 2510 6041 8011 8374 2620 8879 819
32 7186 1746 3659 9669 6869 4867 6816 6446 5146 3784 7190 2651 644 8722 6060 5379 66 7159 3820 5631 6967 5641 2773 5735 5221 7306 2559 581 2501 8487 2431 4594
16 7136 3153 207 4481 8003 2965 979 4495 93 5457 9451 5293 5749 1000 8189 1262
29 7132 5241 2693 3126 9907 5901 1009 5177 1767 7024 3166 4782 8939 9458 2645 6670 4080 5485 1225 2910 3880 9920 4778 6468 4220 1107 8075 7490 2885
36 7080 2805 1942 5973 3643 9352 4529 4655 1969 8711 630 4950 685 1020 1092 5701 92 2984 9923 2151 5758 6323 5013 1640 6957 8048 8280 3538 4121 9181 9082 2505 7478 6755 9161 7774
35 6975 2191 2795 6664 9039 3150 309 216 2745 4134 1121 4527 5659 7706 8824 6388 3382 6450 9588 449 2697 9567 6958 9432 4854 7017 8126 4012 3237 7386 4384 6189 9841 5320 7456
1 6956
33 6950 2417 1247 2836 2876 6410 4314 5368 7464 6212 1725 9883 1189 1899 76 2316 6192 7290 7233 2185 407 3043 4572 4429 1463 2377 3994 6141 5196 5280 5029 5044 9741
34 6933 3832 7222 9251 3396 9708 3783 6676 9975 8874 6015 9375 6707 4284 954 4761 2300 1887 4557 842 9162 4359 2449 2277 8863 885 1633 8779 8002 9320 8195 2444 5561 1766
37 6891 482 1437 2524 3866 9033 8439 7259 606 1174 943 2955 7257 7939 2124 6206 8814 4128 5971 9292 1673 1013 6938 4133 5164 2831 9048 7263 5085 3424 4369 2203 6360 5161 7997 3059 4539
32 6982 726 6778 3064 2239 8462 5863 2331 6236 1307 1290 4988 9249 6352 4343 4943 5956 5487 325 7563 6875 1357 723 3699 3478 3848 2257 6783 937 7174 6639 6804
36 7006 8740 1205 2140 5005 8651 8375 3997 1258 9084 4562 3105 4281 6582 4147 1929 4160 7199 96 4538 1645 5708 7160 7786 4709 4013 2443 9661 8112 1716 79 6159 4890 4791 7806 7134
30 7047 3878 1751 1976 4034 9790 6966 2391 4524 5406 5277 1872 1647 2539 2724 6457 3175 8787 2979 5643 6850 5628 8186 7573 1164 921 3133 1500 3163 6251
34 6897 1365 2916 3612 7769 738 5228 8673 5748 1120 3608 9871 4092 5306 838 2369 1469 4438 9624 3276 1084 9578 1755 2159 6101 1443 3996 6499 3661 9894 287 7885 3080 5193
34 7337 5966 8120 1558 4192 1138 184 9781 974 2513 1168 2935 4667 2577 1853 6998 775 1161 4493 1652 9875 3761 1987 5250 6694 3910 2427 4584 2093 3601 2670 4339 9827 519
16 6885 3256 660 9166 8513 4717 434 4250 343 1340 1354 4264 4178 1915 2066 4749
15 6845 1312 89 896 7442 7679 9494 9485 2950 9425 2689 2835 4019 6849 7157
2 6812 2698
35 6808 2717 558 8386 5511 8906 3009 2024 7361 9753 793 6675 6690 8878 123 3543 9736 1706 4335 514 303 1450 5927 6691 9265 9472 9623 7897 5560 2264 1967 1891 4775 3570 2451
37 6781 3198 6796 3339 8841 82 5860 2106 7117 383 8627 2538 3362 1166 1618 1176 7242 2560 6841 4549 6861 7994 4865 7133 5778 5623 1455 2421 826 113 3998 547 5586 3328 788 5284 1363
31 6980 5069 2482 4824 9515 6322 8178 3170 9491 8638 5059 6574 6954 5848 157 3786 1173 5567 5989 8429 9396 668 9061 9881 4407 2094 3979 1211 6561 6055 8618
38 6791 7494 656 4802 8053 9096 6027 1222 2853 2542 8655 1226 9412 3490 6510 4578 9299 3437 6453 3574 5242 2488 4595 5605 7940 8030 708 6579 7977 1108 8777 4877 5950 2291 8092 8360 977 6405
31 6669 275 4765 3903 779 1264 4530 91 9898 9949 3212 452 3020 3686 8255 1726 9668 8210 9981 1656 8608 853 6194 7892 8772 4366 9642 7319 8768 1185 7649
37 6638 654 7395 8017 6150 9462 6779 5433 1735 980 8211 1680 4941 6552 6386 777 4862 5947 3180 3677 9209 8837 812 4056 4991 1394 4508 1324 1687 7224 8811 9667 8110 3663 7424 283 5392
32 6668 5941 5516 2395 6794 8865 8365 9415 358 4822 4401 5405 5200 6908 922 9060 2251 4125 7365 3327 9511 272 5888 6254 9335 5864 5907 9080 5960 3901 6088 4331
38 6613 3025 4766 7358 7384 7867 5313 3847 4377 3780 3086 790 2426 3147 7701 58 245 2193 9264 7737 6326 1931 8537 4686 7780 4203 1605 5328 8449 3577 6602 1583 1790 7463 7223 4832 9431 3634
36 6599 4182 2086 328 8052 2253 6313 5478 6409 4575 8912 392 6914 7423 9179 4601 7702 8578 6111 955 538 4742 7634 2081 4245 423 2865 7052 4664 7616 5747 5849 7371 8402 5991 6164
32 6603 6062 5865 4279 780 8954 1996 9725 9658 5028 83 6378 8390 2165 4120 4332 6380 5730 7676 7848 5986 5920 748 4075 195 88 7517 641 5543 2349 8351 7502
38 6570 3581 7720 8850 6463 9129 4009 6753 5166 3001 2450 4385 1897 8013 2760 2382 2811 989 693 3301 6924 1906 4143 2112 5338 5165 3793 7827 9879 312 1878 2095 9134 4380 6371 6390 2565 9600
37 6507 3042 7343 8903 5881 7543 7144 7239 250 4185 1519 1683 2116 5438 9256 1353 2326 7564 3799 5287 7585 8171 483 4668 8361 1200 139 3739 8456 9813 6797 3214 6495 8918 8539 9607 9510
3 6440 4119 2996
38 6428 4141 2265 23 9441 26 9052 1758 2401 7203 9223 8488 8274 925 6412 1493 8832 1698 4382 2534 6502 6282 1272 4051 398 1190 9005 3365 9840 5088 7512 4108 4688 9542 1079 4345 4235 2791
4 6430 3592 1826 377
30 6392 2182 5583 8586 3524 8445 2394 8609 190 7993 7401 5793 3603 6814 2878 9501 628 9935 2527 1840 3805 1584 490 9783 3012 4007 1814 4849 2729 4646
38 6424 2636 1130 8971 1037 2860 5308 7980 1373 2591 8553 5159 3887 7651 8224 7935 6310 5162 5427 5006 367 9483 9169 9647 4475 3638 4928 3966 7182 2655 5155 7354 6324 6660 6972 4954 6960 8887
33 6423 2586 839 7380 8464 627 6766 8532 6218 4889 4929 8055 8889 5083 8665 1870 5015 7167 274 9893 7129 9528 1955 3475 2461 8079 8632 5386 6988 8225 5178 2406 5738
3 6340 3187 2091
3 6261 3902 1377
32 6190 8432 7529 850 4386 8701 4553 33 1299 8687 3304 5121 1754 5137 5108 6892 9196 6119 7881 5733 1087 9656 4073 9649 1129 8706 2964 7164 5285 6737 9192 1445
35 6198 3968 1896 9747 3679 5109 6237 8421 2468 7605 9939 261 4272 5304 5332 1761 5135 3495 6075 3204 5651 6232 5335 4731 8071 4620 5217 735 1347 20 1263 3074 2786 1791 7577
36 6197 2864 2005 7219 8438 9454 4933 7158 3326 5556 8645 7142 4306 2373 1460 8231 4919 5330 7844 2015 9297 887 9266 1426 3600 346 3469 1669 2491 399 3547 1385 7008 2215 6061 1911
34 6330 286 6857 6030 3442 215 393 8264 4864 2230 8369 6674 3356 3730 8901 6837 1047 354 2026 2596 5697 6529 1438 770 9950 2065 44 4973 5430 6762 9573 4965 5033 1199
34 6257 2335 3312 4436 5574 791 8968 2797 739 1676 5429 4047 6976 5411 3700 9024 7853 418 4522 9471 5816 1480 6549 4234 579 7204 50 8690 5819 2478 990 3083 6947 8805
36 6488 1491 5128 6275 4573 2057 320 7379 9675 4799 9442 4579 8253 2370 7340 9160 1963 1070 2315 4406 4847 6058 2665 9386 6067 1078 6467 5558 6782 3111 1119 9687 1150 5551 2528 973
31 6543 8177 7331 4415 8910 2154 939 4315 8642 8511 4375 3303 7973 7058 2187 4033 9103 4085 2625 8868 8312 4772 9602 7287 9170 7788 4224 8928 966 6279 4131
1 6557
35 6229 2209 666 9820 271 3855 4718 6519 1917 9808 2061 8944 7503 4440 2148 6719 9672 6321 2475 4750 3971 6724 905 9644 4269 8806 6290 1086 3084 1538 2537 7741 2467 3444 9914
36 6227 7574 8851 7060 3331 1715 5229 8634 9585 5772 2132 2802 4223 9007 387 7025 2204 3747 5409 9387 8034 5131 7366 6458 5933 8531 9536 7128 7074 6366 1939 166 8236 3381 1212 7364
33 6130 3590 1109 9850 4996 3682 2141 1985 6379 9546 7675 5862 4647 2891 5249 5874 231 2508 6530 2798 7353 2270 5931 122 8069 2190 4036 8174 5725 3057 7470 7747 7652
35 6096 3815 773 1531 5031 9559 5258 6255 4302 6099 2536 5439 1532 4163 2928 6085 7589 7112 1719 5737 2419 247 8107 9911 5267 3965 7269 5715 752 2115 1404 3207 4590 7593 7887
35 6056 4052 1595 702 8547 4200 6985 9229 80 8517 7304 8862 301 1034 3622 4713 5220 318 2462 335 2929 9480 1748 4725 5283 5203 712 3257 6619 8219 5569 8986 1533 4037 9700
2 6042 3240
3 5959 3491 1959
37 5876 4071 3496 4088 9797 2003 8063 7721 8754 7988 9133 1609 4334 9654 9222 9455 8630 2237 7779 9683 9465 4499 9199 5893 7444 5814 8905 8838 1718 5764 6577 480 6028 1739 1946 3006 7690
35 5798 280 7448 8565 1700 2343 8108 473 4273 6436 9178 2763 3507 1371 986 8142 1142 3674 1383 3814 1224 1741 1619 2861 9834 162 1501 5981 4959 4411 882 3958 8514 2952 3767
3 5919 3155 688
37 5835 3448 957 3119 498 3914 3410 6113 3733 5224 2838 2744 3427 1477 9634 584 8956 4423 5152 3211 3662 5741 1073 6589 7640 2605 767 8157 7600 7048 889 3936 8218 9438 1399 4063 9770
39 5832 2452 596 2330 928 7026 1380 1760 9407 7227 1777 4931 2646 8760 3194 237 6129 4417 1137 4488 8242 8310 2690 7832 9195 7507 2958 7920 9086 5437 5305 2751 1728 1762 5685 4683 2532 8631 5638
1 6021
32 6152 8492 3005 4476 9773 704 7944 9892 6312 1304 6856 5096 2610 2354 9207 6624 6607 8319 2229 3261 3714 3217 4225 3691 6858 1061 2990 6503 3120 2099 7533 2436
31 6770 2263 422 2801 2868 9943 3711 2511 2735 9862 9628 4218 4276 5378 3409 1537 7217 2118 4853 913 7255 1982 7687 8647 2454 4531 6136 2942 2067 5635 4300
35 5955 5608 7496 6935 5483 9120 2701 1095 8328 266 4241 9545 1172 7989 6829 2761 6696 4883 183 8519 2227 524 1400 9234 4216 1513 9468 2109 9342 121 843 4735 2371 1653 9212
36 5801 6214 1816 5696 3671 4093 4282 9795 5887 4521 5900 5687 7243 2153 8455 6612 7288 1170 8362 7758 4106 6877 2173 2022 1296 7904 217 9433 6040 2667 7791 3906 1607 1484 1315 960
1 5837
35 5777 1143 3693 5113 3476 4910 2126 5058 8463 8469 2083 2725 2020 6646 7623 4776 3897 9427 1763 5692 8563 6020 3282 6297 5656 9682 1586 9977 6431 2211 2828 3719 8945 7907 3708
32 5645 5049 6623 2293 3623 5020 1276 941 6419 4341 619 59 7267 8661 8436 9796 4378 904 5393 8997 6270 410 9146 3712 6478 6222 9710 6358 8416 8353 845 7688
1 5703
31 5673 9957 3972 2715 4046 837 4722 4672 720 2843 7761 7328 3434 4930 9261 3063 1068 6786 2972 2975 7168 260 8729 963 632 9025 2514 8228 5789 655 2994
15 5634 2648 7946 8073 3324 9956 9621 678 1165 6990 6944 5879 9035 636 3415
38 5604 3039 1577 6265 667 1421 7177 5307 5022 9456 8001 6300 1370 8215 6648 5791 3435 8248 6484 153 5565 4700 2484 9671 326 7582 6568 3924 6465 7524 1518 1798 9045 3816 2075 518 9802 9418
38 5588 3183 1492 5771 6890 6092 1325 9772 768 4514 6522 2470 3678 6188 9815 9703 9218 249 2500 7114 99 981 3499 1403 5957 8491 7262 774 9639 9479 4324 7220 8520 3196 3197 2456 4097 4821
40 5500 626 8080 6699 6459 5658 3292 8006 9183 6470 7483 5384 4857 5501 1908 3131 1459 1744 1914 6100 5546 2821 6621 9776 3473 5750 5362 4554 9684 3726 8853 3559 6248 9633 9023 7261 9615 6269 2267 3642
35 5482 3265 8447 8797 8717 2752 2873 2018 9184 9495 6553 7078 8206 7209 4687 4565 6948 9185 210 7075 938 1611 9239 8340 4022 118 6723 3374 6022 4615 497 9904 4556 9838 2480
37 5465 1425 1670 3201 1597 5086 4393 675 6994 3465 6328 4370 620 4665 5647 5694 2852 4603 533 5373 6350 4704 3056 8300 6394 3397 3673 7101 1900 9523 218 1543 2848 9767 8412 5410 4916
33 5535 554 9699 7890 2914 6481 1674 7777 8646 5878 6795 1852 2120 8035 9763 7363 5214 8996 7932 5899 3222 8419 4879 9746 6259 242 7498 7595 2819 8830 145 8816 6207
35 5552 2803 1556 3921 9175 931 2236 9825 1243 7927 3912 1427 1435 8106 709 4180 3220 7953 1052 7212 2692 5399 3754 2259 5087 5762 6840 2987 3208 8803 8660 9030 6404 8268 2980
36 5524 1364 61 2304 6681 4082 1639 7278 8398 135 8602 5584 545 3416 8686 8886 8490 3853 6223 5958 4043 6678 8674 2023 1984 5684 8474 8716 8192 8533 6533 396 4998 3957 8932 6906
35 5455 3452 4503 1590 5855 4834 2101 9504 5446 1888 5168 5235 6847 360 7525 1056 7346 9252 7515 5539 9426 6939 2272 8795 7530 5518 5234 7717 9788 3355 2999 5432 7537 6546 1635
38 5371 3628 1842 2512 1499 5148 5883 5857 4472 177 219 1218 2100 5309 1128 6176 5962 6375 234 3370 4129 8133 9509 9779 148 4606 7686 6592 4403 9198 4999 9557 3859 5809 103 6524 8964 7234
34 5266 3511 1125 9200 8282 9752 5542 1203 2242 9437 4055 3813 2040 8558 3849 9800 8135 8221 6884 5422 8259 9597 5288 1334 7434 5753 8202 25 4416 749 9347 6184 6320 2659
35 5370 6683 9756 3781 1152 2358 4278 5353 8920 5911 6097 886 7400 9116 2465 6915 512 3920 2256 8764 4525 5419 5340 9641 7098 3140 5449 9948 5294 6327 6012 7966 7934 9847 2611
37 5354 476 4238 9685 5461 6445 8766 8726 6244 1541 7111 9274 5350 8296 8721 7860 6345 270 6968 2043 2231 4541 3737 5078 9000 2733 3689 2856 7857 4450 7770 172 9505 8548 4685 1864 2423
15 5262 5532 4214 2756 3455 6657 9356 4621 36 4247 2071 1688 7466 8437 9250
19 5260 3875 2734 750 4794 8143 2037 3845 4355 703 1245 3480 87 4363 6185 8213 7928 4428 189
1 4980
3 5254 3236 1573
17 5057 1764 4632 5545 2526 8162 7249 2138 3079 5742 8262 1671 8668 3986 8284 1320 3094
1 5233
34 5325 6720 3027 7458 6983 9980 3332 5683 6395 1485 6296 594 4101 9372 2743 844 264 4934 650 7476 1563 2750 8570 5364 9610 5785 7619 4287 7991 3274 8024 1473 7165 5107
28 5160 5492 8400 2384 3367 706 7842 8873 74 4031 4898 5550 7432 3635 6601 1892 2581 9119 381 7208 776 7226 5620 7311 9318 6593 754 5582
35 5062 1999 3929 3899 69 1267 4005 163 8958 3243 7468 4095 546 6454 8507 2686 9 7171 4207 7622 588 6120 7632 5431 1901 1775 7301 9886 9582 8376 7214 6513 9403 6647 9941
34 5046 1599 8657 4808 2599 5910 7147 408 3151 4251 848 4997 8067 8562 7554 2092 6701 947 8095 3109 6725 599 8459 8098 1157 1953 2905 4733 2926 4984 205 2925 4605 7010
36 5014 3632 2785 7694 9385 6563 2036 6007 3486 1525 2788 4888 9970 4564 4212 832 3393 3026 3978 2714 6403 9587 8684 7964 7095 6031 9013 9819 714 344 621 8165 2119 9444 2661 4576
34 5030 8170 1818 2048 9428 4304 4221 9395 4194 110 991 7345 334 1489 9844 3646 7587 7757 1616 6334 1973 5385 3621 6314 9663 3864 9945 3447 1995 5812 8068 8941 6038 8314
36 5147 6600 4803 4917 2930 8257 7872 1064 5704 4833 7824 527 5080 863 7276 7656 4839 6653 4149 2663 2271 8138 1757 8930 9493 3990 5649 2079 2884 7618 7521 7156 9164 6435 8307 7820
32 4974 929 8983 108 7969 3844 952 1913 6634 1998 9324 1242 4204 6862 8844 2463 7663 5994 8223 5746 1169 9709 268 6789 3666 3357 6126 4537 9539 8179 441 2269
14 5388 4773 6748 5999 3266 1794 3949 7880 1098 6872 7036 1395 9216 7712
33 5467 8934 5895 404 2352 7087 4231 7393 5253 565 1643 2474 5770 2790 7077 1662 669 2226 64 8827 2827 7874 9938 6825 2669 2374 9572 4381 8516 1655 1638 2668 3143
34 5557 2554 3099 4710 2166 1076 7412 435 8349 5757 4736 3262 7032 6585 6082 3269 337 9877 2108 6940 2453 8825 7057 1251 366 5824 7486 374 2731 3457 3308 1313 9882 9577
33 5613 5209 4650 7084 5724 1787 8970 4358 4758 8728 5474 9368 9704 9278 5909 8329 6545 7155 5464 5841 4837 4863 3658 2476 3655 9291 3943 1227 5491 4699 8771 265 2518
36 5939 6200 7689 3322 663 4001 5706 185 9182 8528 7374 8652 3058 1988 4179 9081 3061 1664 2888 2432 2200 6760 2402 246 2688 9333 1658 2284 8556 8606 517 4026 7900 8270 3530 5517
37 5944 1768 2205 4957 9139 4677 899 8572 9186 5861 2320 70 4591 3174 2944 1838 5426 6644 2341 5252 2700 9846 742 4211 6642 5922 876 8088 4993 8535 1626 677 4518 371 3472 3021 6065
33 6001 1407 2350 4629 5051 6731 6267 674 3037 2960 525 2260 3127 7792 1308 9712 6539 6306 9596 2321 8984 4405 8856 469 2875 1328 5629 77 3041 8060 6161 5470 4644
31 6319 1712 4535 1210 8575 2295 319 8022 4083 3320 4140 1002 4906 2121 7588 1530 9325 5642 8217 8626 6346 6144 4810 9496 3154 3450 730 5276 4940 7471 5255
32 6671 2000 460 6815 6485 1592 2232 789 6531 868 2188 2685 4985 7258 6483 9430 4328 4310 5272 8233 8839 5923 658 8738 9905 9032 1958 3451 4237 7474 7422 1993
30 7030 5564 9378 5423 3122 7910 5176 8723 8122 38 359 5579 3199 5230 623 5622 756 7943 347 3749 1153 1277 8672 9143 5650 2716 3106 2386 2157 2254
34 7487 5908 477 6102 5713 9874 9329 8111 7751 22 2919 4062 84 8413 5894 6174 1968 1453 7888 4094 1720 4451 5179 4142 9245 8287 5120 6077 6761 516 9452 5365 3876 7326
28 7704 9037 3350 294 6746 1342 1821 8476 6225 2184 2019 32 6228 5804 4112 716 3378 3252 3597 7391 9972 9637 9074 4271 240 1540 4866 447
32 8207 5914 9019 5612 9719 1282 3348 5376 9044 9254 9921 4720 609 6337 475 369 8276 5001 7231 6083 2650 6896 1945 1208 114 2953 3354 7930 2306 3468 4767 1637
13 8406 1779 3746 9751 1515 6622 4089 2233 5343 6697 7122 2946 7312
38 8590 6151 7552 7744 9382 7845 3836 3019 1440 8741 4885 7135 9771 1825 2389 3136 1418 1358 984 3250 5187 8321 6964 1116 4333 7137 8229 8065 1297 3713 5996 3909 9778 448 8290 4254 277 7756
36 8835 9227 2472 2353 4084 6464 6710 7513 106 5570 3785 1096 9979 1742 109 5073 3446 3463 9617 1828 8196 7040 8973 3445 9105 7565 364 5872 2732 9020 9705 9423 950 362 9481 1289
32 9243 1805 4318 9884 6876 4069 4589 1317 203 1329 2397 8337 7846 6684 1482 3401 7681 5627 3068 2988 1970 8457 2628 7140 4613 8510 9069 2311 47 8891 3956 7722
33 5383 551 4937 9073 3610 6304 7768 3882 4413 7709 569 7059 1303 1091 1936 8762 3886 9021 100 7070 2172 9132 7562 9167 5380 4255 4459 573 501 578 2804 6537 63
1 5326
15 5130 4951 3618 4442 2085 7621 4313 6286 141 3167 6609 5964 7958 7443 3629
36 4967 2922 612 1704 6168 3953 4152 4817 9955 3904 1549 3254 8466 5951 9029 2780 1126 1642 5132 1517 8283 5531 1341 3007 9946 9226 5892 9449 5180 814 7125 196 6008 3062 7049 5921
38 4960 3492 6610 4068 1465 1575 9831 2918 6369 743 9317 6138 4519 5998 5830 8482 5027 4365 7909 8667 3184 7225 2639 5103 2580 5563 6391 9691 4267 3426 7551 2498 1486 3289 2273 7399 8194 7414
37 4949 4060 7329 9416 3716 5610 8727 6205 3500 7835 6820 8008 4316 2900 5367 8883 9931 4477 7558 8999 5688 2246 8056 3372 9009 329 5089 9849 8433 732 3157 4820 8916 8317 2530 6173 4188
34 5097 3681 350 7707 2013 3851 8500 5218 8541 3989 8391 7334 8144 8691 8826 5450 5606 278 8139 6487 3539 5977 8 8704 8163 4449 7440 5538 6832 9148 575 5970 1503 7936
35 4935 2198 3128 563 2614 4123 4942 2637 4048 8441 204 4856 8677 6460 567 3974 1494 3514 8422 6611 4693 834 7879 1884 9926 1274 3002 6899 9953 4571 6169 7435 6722 6663 6835
38 4904 2297 9695 3560 906 873 7381 5351 7467 9078 2175 1301 6263 7284 642 9466 9287 2632 8761 3896 5662 3960 1903 2997 4711 707 2621 1570 5300 2383 2104 8708 891 8953 3404 3872 7718 5211
36 4891 3883 3235 6888 5247 8327 9937 7016 8798 5512 7105 2509 7195 8989 6941 6253 559 5356 7673 9405 5123 7333 3999 3843 1355 890 267 6774 6053 3842 8637 453 6673 1106 4418 7215
4 4467 4078 2772 671
34 4398 1134 314 5794 1278 3177 9678 1547 8679 1167 2961 5407 2522 1723 8335 916 7682 6338 1221 2695 2327 1336 3615 1201 8705 6349 9715 1966 7505 3938 7050 6094 3918 5987
34 4801 405 8415 6482 1809 7416 5251 4858 4356 3905 8904 7291 5175 2986 8855 4583 4723 2348 815 1057 5248 8757 1058 4770 8612 9114 6316 8188 1957 7923 1634 9094 5779 6216
33 4804 3179 4259 1051 6284 3380 7728 8756 5596 2679 3777 5045 4844 4515 5905 8094 1103 6904 1511 5040 6965 7023 5853 2127 3933 3358 6909 8032 8782 9586 953 5204 4915
1 4830
37 4852 1965 445 6578 8566 3291 3411 6049 5170 926 4325 4396 5530 7811 2948 8752 1452 7893 2287 2889 222 9553 2319 3773 4876 6886 6109 8427 8985 1546 9124 4666 6308 2268 1327 8167 4978
32 4768 3720 5503 7183 7351 9629 4788 679 1302 1810 7097 3330 4873 7056 2428 2970 214 635 7834 6336 6140 6383 8467 298 8763 1930 8197 6203 1369 8240 3188 7272
29 4611 3123 846 5213 7636 9612 5416 1236 9272 2266 1603 6630 878 3407 7785 6368 909 4748 8560 5924 8773 7410 9473 3916 1008 4675 7389 9450 5173
37 4753 1539 915 1860 9592 9397 7436 3443 4673 3203 4880 1193 7816 3548 8734 3284 3812 178 7859 6743 4676 1876 9040 1156 2174 875 3967 6219 9373 757 1731 6 2618 8658 4897 4625 647
32 4764 1348 9492 3951 9974 73 3033 6112 8793 111 3850 9593 223 1352 6448 8200 5081 6124 4404 4023 6685 2515 5866 5190 8818 4320 1981 5256 5372 9330 5988 9307
33 4523 3611 7216 8166 968 1776 7430 489 6299 6686 3934 6535 3908 715 7009 5854 5265 6433 2872 9295 2702 8379 3732 3029 8748 1331 2545 3141 7508 4437 7938 5007 6246
34 4473 1574 6931 8710 276 1863 7992 6844 8569 7338 8848 1602 257 3670 6456 5600 7344 6706 4815 1088 6400 8161 3296 9574 9369 3165 4319 948 8846 3583 3985 3038 2007 6479
39 4574 3833 6819 9128 8234 5868 4627 3741 9880 2161 1032 1419 4293 8552 5611 8185 1498 6741 6175 3137 2206 8599 7236 3596 5617 2726 6043 7571 6081 622 699 3510 1947 6181 1071 8640 6264 3808 7492
36 4760 1660 9791 7421 9632 7650 8615 9489 5323 3830 4190 4500 3078 3146 529 6429 539 5767 1866 6594 2485 6946 9928 6307 4972 1343 1703 3087 4651 18 485 181 2749 2516 5481 7063
36 4661 3169 7695 7244 1124 571 5210 8924 9571 5223 3215 8309 8330 8159 8448 7300 6749 9359 9424 9214 4555 5884 6712 370 7283 454 1696 3626 2392 6569 4297 4532 2616 4461 3071 6632
2 4616 138
35 4581 7251 8130 3744 1217 1300 6747 1759 8588 9889 4460 9110 7282 9043 8149 3096 9283 4819 5199 5573 2886 9922 9429 829 7971 4528 542 372 2046 7192 6311 4592 4502 3422 3517
16 4759 7439 598 8261 1016 208 4597 6393 8251 3156 4559 9842 7071 9780 5803 8115
30 4469 436 188 5815 6910 1293 2096 2433 9314 2722 373 5420 4456 8512 9824 2845 1457 8373 6180 1 2660 9867 549 4781 5743 146 3023 1974 6293 6011
35 4634 3656 4099 7279 1260 5 6727 6817 1253 9737 2867 300 9311 3609 7102 6930 7836 8720 1265 2460 2192 3052 8600 3624 3070 2336 4790 7583 1287 3717 3779 6881 2829 1665 7260
15 4466 2766 5324 9236 5333 9625 7870 4395 2194 3158 7745 1104 8857 1405 259
2 4322 2414
30 4246 3701 1862 3306 9190 2137 5499 513 9107 8518 5183 7955 3110 1069 7459 7612 914 9729 8497 6526 591 7325 1234 2764 6636 8770 5344 4793 9015 900
1 4260
33 4303 227 2933 3259 3680 2569 6221 6854 9267 3774 4497 7531 1319 2390 143 866 2540 611 7081 4035 7479 864 2347 9306 2597 4505 5515 2718 2385 3345 2985 6843 2149
35 4494 7793 5740 7864 8936 785 3731 2673 3625 4117 4577 2097 4544 2913 8775 2413 7184 9564 4059 7813 8420 2723 6736 4464 401 8382 5792 9004 2638 6490 9828 2487 696 7996 5723
34 4501 1468 1140 8875 5566 5829 2775 2375 6309 3192 1679 7268 8245 1709 7596 1223 4851 5519 3605 3928 285 9701 9614 9028 5363 1912 8308 9766 652 2776 5928 4707 5227 3386
35 4662 3258 3333 2195 9640 7865 8564 3871 6979 7680 8025 21 4028 9750 858 3759 585 6439 8401 595 8304 4786 9711 9313 137 9063 6659 1254 509 4580 3148 3664 6157 2016 2681
1 4671
34 4349 7015 7481 653 6125 1750 1368 5401 5568 1233 6287 2897 2416 6665 8148 3067 3576 3085 5672 4604 1733 6333 4198 3413 6771 857 7711 7617 6068 5618 4881 2879 4747 4964
33 4397 2442 5632 2906 6922 6452 8737 1420 7869 5071 8988 9976 6252 5282 9279 2424 1894 86 9140 6962 7628 3945 4513 9102 2199 8323 818 7413 8750 368 4923 6480 7641
35 4447 9913 479 9785 8074 5448 6280 8791 9619 5090 6860 9690 8623 1206 4100 1280 5761 6398 9616 1977 5205 4706 2941 6900 5421 9275 8101 4342 5575 6717 4682 7804 2895 8265 9154
36 4922 4754 5898 9891 2815 8765 3722 3114 7296 1882 5278 6824 9067 5533 4295 8963 9334 8597 1736 6518 6050 3408 7447 6127 9566 1722 3862 1481 10 5342 1449 426 7856 2059 7568 6575
29 4474 3579 4217 4050 443 2359 2644 6793 5133 8794 4869 8659 1261 6072 3400 7733 7425 2362 8656 7193 284 351 5158 1812 1629 1270 8583 2901 8465
34 4805 9635 5472 2252 1390 3275 3667 8620 4003 4446 5397 2924 7213 2998 7620 918 8780 8175 101 9717 912 9345 6571 5625 9062 2074 5408 7281 5633 7246 7764 3580 2296 3818
2 4189 2139
