15 9979 6329 6307 5566 8419 7382 7187 9302 9398 8589 7473 7307 6934 6193 5063
11 9985 9963 8134 8141 8907 9590 9552 7175 6339 5685 4968
10 9976 5881 4379 3362 9933 8635 8538 6693 6011 4077
10 9935 3409 6125 8348 7097 9780 8206 8877 8131 2813
11 9913 9994 8689 8084 7954 7669 7469 7166 6621 5631 1510
4 9901 4428 6164 4887
4 9888 6252 9993 6521
6 9864 9978 8679 9736 5508 2658
13 9847 5445 4882 5875 3830 9190 7555 8242 8305 7973 7946 8535 4095
7 9920 9872 8339 8599 9781 9304 2746
8 9820 3990 3502 7014 8481 9740 9721 2038
11 9799 5716 5027 5636 9738 8970 9368 7942 8003 8929 9536
15 9752 6269 4170 6012 7882 8800 8097 9355 8438 8409 7885 9577 5964 5175 3857
9 9733 4143 3647 9905 7806 7644 7509 8113 4374
9 9996 5054 7679 9798 9786 9726 7854 7527 5361
7 9852 4154 8804 7990 9764 5224 2650
12 9707 5902 4537 4826 8665 9155 9032 8279 7024 5916 4319 3386
8 9698 4494 3471 5757 9349 9914 9700 4488
5 9679 6039 9977 6613 4399
15 9675 5222 4194 6029 8796 9561 9816 8931 8778 9271 7826 7597 7349 6819 5434
13 9685 4815 9262 9222 8511 9213 8651 9715 8580 7008 6500 5842 1452
9 9974 5090 8530 7162 8798 9049 9749 8874 3713
9 9670 4349 8609 7498 9029 8905 8908 9374 4922
9 9626 4935 8434 9151 8239 8969 8985 9301 9326
10 9649 3490 9018 9778 9431 8501 7584 7289 6314 4865
13 9619 5341 4984 3540 5377 8176 9817 8345 9762 8702 9383 7069 5467
11 9581 4536 4058 5282 8991 7837 8407 8872 8813 8129 9530
12 9563 5491 4836 9897 8687 9828 9108 7969 9637 7079 6113 4203
7 9550 9984 7659 7338 6919 5150 3456
6 9595 5428 8028 8126 9510 8727
9 9691 3701 8909 8485 8650 9653 8837 9196 7223
13 9768 5285 9202 7048 8344 8732 9689 7615 7395 7136 6295 5697 4446
7 9851 5663 8245 9899 9528 8019 3128
10 9544 3583 9564 8316 8360 8709 8041 9048 9573 1653
16 9523 5161 5654 6718 8995 7066 8182 9706 8889 8579 8429 6872 6388 5726 5390 2563
10 9514 6002 5245 6548 8704 7932 9656 7295 6524 5456
7 9449 9989 8100 7652 7545 7480 7472
8 9411 4546 3321 9903 8308 6559 5536 868
9 9409 6150 9964 8431 8676 9125 8925 7311 6467
10 9402 3396 9132 9659 8247 9211 7938 9214 6153 4197
12 9405 3692 5540 9042 8101 9272 8125 8107 9582 9648 8122 4378
10 9406 4112 5107 8782 8366 9009 8894 7824 6084 5493
10 9452 4246 9100 7564 8261 9335 8900 9608 7053 5443
11 9463 4673 8854 9195 9482 8437 8930 9777 9446 7161 4759
10 9473 3445 7256 7271 8883 9651 8172 8352 8543 2208
13 9393 5860 5304 4742 4781 4910 9737 9513 9162 8457 8943 7410 5230
8 9347 3333 5409 9526 9884 9522 9519 9677
4 9459 9875 6935 5030
16 9325 5335 5018 4525 3988 4109 4806 7191 9160 9739 8977 9069 8735 7029 6246 5461
16 9313 5885 4648 5829 8146 7912 9226 9456 9099 7892 7708 7596 7437 6878 6349 3080
11 9305 5934 4661 4854 9141 7999 8248 8723 7814 8301 3886
11 9291 5818 3565 7683 8603 8779 9699 8949 8087 5543 2252
14 9283 6135 5006 7602 9138 9934 9080 8496 9491 8488 7302 6702 5973 758
11 9216 4842 4794 5779 7971 8935 8390 8066 7842 7563 7173
12 9207 4618 5954 8653 9647 9724 9083 8284 9040 8654 6170 452
10 9187 5626 7492 8851 9879 8632 9746 8430 5354 1898
13 9166 3951 5307 9952 8807 8165 9204 8707 7639 9387 6770 5798 4978
8 9306 5917 7135 9687 9258 8825 8527 5159
10 9401 5182 7884 9911 9333 9344 8011 7841 7713 913
8 9412 5120 8682 7466 8193 7972 9753 5776
12 9495 9815 8403 9822 9779 9224 8528 9415 9007 7673 6964 5825
10 9503 9842 8827 9784 9059 7981 8858 7261 6782 5311
12 9246 4050 8378 9319 9571 8498 8655 9168 7268 6534 5874 4741
12 9267 9757 7847 9075 8987 9142 9047 8411 7368 6490 5817 5065
9 9274 5212 8615 8659 9403 9088 8572 7460 3950
12 9320 7086 8772 7245 9288 8218 9518 9580 8138 6997 4750 3110
12 9556 5620 7785 8416 9292 9093 8282 7204 6644 5253 4631 3107
8 9666 5777 8575 9684 7613 9793 7051 5821
10 9191 6265 9068 8801 8833 8922 8853 7895 9176 5312
8 9316 7876 8529 9849 8160 9327 9453 9520
12 9627 9680 8034 7643 8150 9548 9178 7833 7603 7731 5399 2224
11 9140 5086 4788 4214 3368 9341 9186 9840 7283 6750 5618
7 9121 9946 7921 8183 9097 5270 3969
5 9090 5983 9885 8120 5439
8 9087 6255 9538 8719 9857 8581 6761 4308
11 9137 6021 9273 8864 9113 9063 9067 9461 6400 5987 4268
8 9128 5425 9159 8968 9792 7157 6154 3484
4 9255 8536 7994 9287
12 9282 5888 7916 8631 8492 9092 9076 7893 7831 6991 5944 4473
12 9469 9871 7554 7207 7998 9237 8442 8777 8156 6522 5682 4091
10 9559 9923 9837 8745 8875 8012 9600 8808 5647 3087
8 9602 7034 9265 8793 9856 9340 8541 6870
11 9806 3370 7745 9027 7915 9534 9181 9455 8487 8862 3871
12 9813 9696 9179 9298 9870 8117 7939 7953 7424 6968 6355 4640
10 9845 9458 9103 9153 9404 8891 7416 6626 5398 3884
9 9965 8768 9539 9474 9295 8964 7771 8397 5758
6 9084 4855 6377 9909 6867 6127
10 9046 3773 9116 7169 8688 9547 8765 7800 8490 4841
11 9020 4511 4830 9624 8432 9201 8333 7744 7518 7146 4955
14 9003 6160 4387 3329 5541 9109 7693 8105 9245 8145 7623 8847 4987 2554
6 9052 4048 9930 8388 8717 8154
5 8965 9959 8802 7881 5931
10 8962 5218 4196 6710 8951 9823 9079 8483 7863 8217
9 8979 3680 9846 9379 8993 8643 7919 8636 7441
10 9012 7203 8662 8067 8887 8714 9014 7126 6470 4732
13 8978 9705 8094 9268 9270 8992 8135 7989 9198 7089 6731 5723 2521
6 8967 9887 7160 6448 6016 5190
9 9011 8742 9859 8475 9055 9775 7244 6539 5055
9 9030 8816 7534 8815 9293 8454 8453 5408 3346
11 9078 9681 8018 8904 9269 9791 9465 7670 8327 6371 4622
8 9385 8486 7931 8532 9050 8355 8278 6019
13 9543 9575 7668 7746 9611 9767 8829 8389 8648 7281 6943 6439 4271
13 9631 9171 7309 8491 9397 8436 9500 9432 7606 7409 7002 6291 4296
11 9636 8882 9238 9593 9111 8744 8934 7568 6917 5775 2914
10 9744 7665 9054 8764 9312 8657 7514 7251 6768 5653
9 9805 9645 8780 8166 8852 8095 7537 6477 3458
9 9869 8637 8285 9394 9810 9447 8660 8924 7773
6 9874 9182 7633 8460 9732 8047
14 9890 8766 7840 8014 8750 8336 8733 9622 7625 7385 7044 6444 5714 4425
8 9944 9735 8860 8743 7945 7996 6616 2853
10 8950 4630 9353 7692 7812 8111 9814 7540 8870 4292
13 8932 3697 3424 6409 9242 9001 8009 8234 9413 9596 8947 4484 623
6 8890 9966 8663 8098 5596 4057
9 8878 9998 9725 8499 7850 8211 6585 5894 3522
8 8848 3936 9854 9650 6675 6136 5616 1425
11 8892 9549 7685 7239 9917 8680 9603 8080 6981 5935 4908
13 8840 6123 6202 9527 7234 8621 8920 8781 9585 7257 6840 5435 2704
12 8787 4455 3915 7642 7366 9139 9170 9279 8174 8319 4795 3698
10 8783 5748 9751 8505 9351 9212 8465 8384 8054 1958
3 8773 9990 5248
9 8758 9992 8291 8729 8349 9058 9517 5274 3858
6 8736 3579 3717 8192 9876 8921
11 8731 5381 6068 6000 7445 8109 8476 8914 8724 8147 1120
12 8728 4583 3549 4980 9130 7092 9089 9023 9708 8899 8385 9380
7 8711 9967 8322 8096 8372 6676 5334
13 8708 6044 4078 3430 9633 8353 9632 8268 9435 9352 9257 8606 5669
6 8739 3885 9475 7794 9436 8330
6 8703 5598 4644 9986 8898 5745
5 8698 4437 3739 9950 8563
12 8675 5113 3317 3366 9652 8741 9285 8836 8396 6323 4650 1038
9 8699 4020 9381 8895 9400 8514 8404 6978 4755
13 8715 7312 8228 8984 8444 8197 8256 8879 7105 6664 6210 5542 3987
10 8774 6413 7698 9276 8494 8576 8315 9439 7649 6600
9 8832 9634 7567 9408 8502 7958 8859 8508 8700
10 8902 9209 8058 8916 9422 8880 7819 7767 7404 3545
10 8792 9654 7636 9370 9358 8936 8231 9336 7348 8377
10 8713 6420 8155 7508 8307 9253 9467 7313 8710 4817
3 8670 9970 4490
7 8640 5235 6110 3557 9346 9827 5265
12 8587 4208 6208 8038 8270 8170 9502 7786 7618 7371 6895 5471
13 8630 4233 5712 8938 9838 9428 9591 9672 7869 7496 6433 5778 4766
11 8586 3842 7682 7562 8544 9102 7974 7951 7100 6099 2909
9 8578 9980 9378 9572 8124 9711 6955 5918 4649
7 8564 4084 9702 9478 8471 8402 5127
10 8559 4873 5710 6473 8506 8646 9801 8866 7601 3402
10 8629 4225 9033 7532 8624 9756 9703 8265 6351 5416
12 8566 5228 7769 8017 9386 9173 7917 9307 7163 6931 5735 4662
5 8573 9743 7284 9860 5370
10 8574 7085 7907 8450 9863 8759 8043 6959 6230 4886
11 8786 9485 8110 7515 8064 9755 8048 9010 7358 6792 4332
12 8557 3546 3585 8112 7301 7920 9460 8287 9057 7586 5749 1254
16 8520 5698 6360 9410 8809 9110 9231 8753 9713 7904 8232 7083 6592 6368 5551 3069
13 8518 5971 3855 3354 9127 9143 9444 8757 8380 7310 6453 3931 3064
11 8509 4150 3572 6536 8116 9553 9541 8526 9373 7722 7264
9 8489 3786 9640 8523 9789 8357 8130 7783 5179
9 8484 3696 9957 9041 7910 9189 7303 6853 5877
7 8477 6139 3849 6186 8303 9794 6441
7 8420 6155 9951 7874 7380 9896 9824
4 8458 3381 9918 5883
13 8425 3596 4299 8868 7477 7176 9583 8946 8005 9669 6890 6322 3762
13 8435 5205 6749 7901 9357 8819 9682 8558 9390 8690 5974 5269 1547
10 8449 4807 8190 9082 8199 9122 8716 9210 7201 6520
7 8459 4957 7167 8524 8539 8202 9359
11 8406 4948 9987 9866 9115 7964 7412 7202 6294 5029 1577
7 8395 4601 5858 3493 7604 8136 9868
11 8342 5517 9947 8368 9420 8593 8281 8441 8980 6278 5111
10 8376 5771 9612 7865 8997 8317 8418 8622 6096 5046
10 8426 7934 7761 8534 8061 8677 8602 7413 6933 5047
12 8447 6128 8085 7193 8027 9091 8461 8046 7718 8552 5760 1207
12 8329 5227 3918 4833 3319 7387 8620 9372 9223 8865 6417 4983
12 8310 6198 5948 3371 5187 9440 8326 9788 8142 7571 7393 5286
14 8292 5406 4706 5996 3938 7856 9641 8814 9275 9509 9369 6723 6258 4891
12 8370 7867 7883 7211 7316 9479 9695 9145 7748 7084 6573 5110
11 8548 6352 7730 8820 8591 9034 8313 7304 6445 4783 4416
7 8323 4107 9284 8553 9776 5364 2606
6 8302 5480 9883 7335 6104 4242
9 8290 9981 8510 9533 8162 8341 8185 5547 3984
7 8277 7196 9943 8180 7899 5606 749
10 8274 9804 7361 9498 8844 8751 7878 7742 6465 4962
9 8271 5856 3783 7425 9085 9664 8139 8740 3035
6 8227 9898 7374 6828 6241 60
8 8262 3575 4875 8614 7282 9031 9421 8824
13 8213 4260 3375 8030 9228 8933 8668 9525 7834 7035 6233 5333 3618
13 8209 3541 9628 8681 7253 9101 8830 8294 8356 8249 6789 6112 2671
6 8328 3966 7464 9878 6260 3153
7 8204 4507 8379 9388 8237 9488 9803
10 8189 3947 9576 9015 8060 8497 9567 7641 4951 3514
9 8203 7102 8051 8961 8822 8678 8463 6229 4156
6 8184 9982 7977 7356 5784 4178
11 8179 5466 6942 8236 9424 8063 9704 8068 8568 9227 4757
11 8175 6263 5440 4624 9289 7113 8325 8522 8321 7583 7458
13 8158 4920 9065 8373 8516 9148 9839 9051 7755 9123 6844 5978 4277
6 8149 3891 6245 9044 9834 5571
14 8102 5572 3616 7479 9566 7843 9150 9730 8712 8391 7183 6358 5273 3812
10 8086 3758 4940 8288 8755 8863 8886 9147 8106 6226
9 8029 6304 8093 7579 8493 7935 9425 9445 7909
7 7965 6321 9960 7184 6194 5587 4883
11 7957 5402 4307 3743 4869 9062 8571 9773 6701 5720 5293
13 8024 6220 7628 7118 9741 9136 8673 8181 9414 8893 7484 8957 3032
10 7993 5017 8298 7933 8953 9821 8600 7943 6093 4338
9 8021 5711 9948 9720 8811 8565 8561 9454 7049
9 8055 5554 9795 8990 9607 9448 8913 8641 6063
11 8073 5913 7296 9594 9501 9200 7676 7481 7300 6631 4124
10 8104 6922 8059 7456 7898 9661 8966 7980 9494 7058
9 8020 4080 8421 7041 8788 9782 6715 5633 3781
13 7956 4959 3603 8791 9232 8244 9877 8221 9332 7991 7123 6273 5531
14 7952 4758 4098 3442 3325 7762 8401 8974 8076 8050 9149 8910 9281 4683
8 7929 5034 5535 6119 7143 9862 8658 7809
5 7948 9891 7017 5855 144
13 7928 5424 5990 5025 9586 9429 7037 8347 9124 7835 7766 5244 2427
6 7913 9995 8923 8210 4695 980
11 7911 6159 3795 8167 9299 9748 9107 9690 9241 6545 5125
3 7889 3358 9910
11 7891 9975 8760 8004 9598 9599 9220 6623 5942 5459 2273
5 7877 5887 8306 9796 3860
13 7864 6168 3921 7787 7208 7134 9734 8971 8684 7672 8375 5395 3727
8 7862 9988 8569 8215 9005 9215 6869 5753
4 7861 5991 9915 4725
11 7849 4223 4705 7386 8300 8843 8010 9308 8089 8718 4310
12 7810 4863 8042 7274 8026 9225 9060 9417 7828 7590 7375 4726
12 7799 5487 5012 9889 8869 8540 9665 8065 9426 8008 6311 3626
5 7711 3608 9940 6365 4239
4 7716 9937 6022 5414
10 7709 4056 3578 9941 9618 8942 7801 7228 6285 4393
10 7927 9832 7096 8686 8334 9021 7979 7959 7577 8022
10 7846 5955 8079 8973 9300 9643 8810 8752 7937 3562
10 7704 3991 9314 9481 9219 9886 8944 7963 9317 6348
13 7687 3640 3512 8695 9729 8767 8628 8283 8269 7839 8078 6384 4501
5 7657 5300 5332 9953 7986
7 7640 4693 3411 8940 9836 8212 9515
7 7575 9924 9309 9371 7235 5876 5108
8 7585 9925 9892 8999 7589 9354 5144 757
6 7612 4467 9942 9486 7242 6148
5 7631 9419 9441 9247 9723
12 7637 9562 7759 7764 8007 8354 7995 8849 7431 7181 6390 6221
9 7638 9710 7793 9716 8828 8144 8057 5474 2659
11 7648 9625 7337 7043 9324 7966 8455 9296 7436 6073 5037
10 7677 7243 9035 9701 9754 9218 9588 8948 6999 5599
12 7768 9761 9248 8159 8304 8081 9443 7838 7681 7611 7789 5545
7 7779 9945 8666 7350 7001 6087 4243
6 7792 4285 8464 9763 9829 5362
5 7804 9907 7905 8582 4568
11 7975 5783 9812 8293 9112 8255 9540 8594 5790 4719 1247
10 8040 9457 8272 8428 9331 9605 8132 7825 3378 901
12 8157 9254 8273 9074 9361 9366 8443 8223 7719 6586 5814 5404
11 8198 9610 9073 8705 9188 9535 8090 7305 7054 6518 3897
6 8207 8803 9833 8963 9183 8596
10 8224 9133 8562 9506 9578 9646 7154 6242 4909 2185
7 8254 8037 9249 9841 8044 5857 4129
11 8309 9678 9234 9644 8108 9039 8625 7803 8726 5977 4556
7 8346 9492 7190 7068 9006 8567 8730
14 8351 9382 8259 9809 8956 8229 8725 8738 9529 9266 9311 6079 5575 1662
9 8382 7342 9022 9323 8295 9024 6760 5840 1293
3 8440 9477 7110
13 8462 7737 7811 8960 9350 9197 9290 7238 7039 6632 6302 5410 3819
9 8784 9118 8164 8177 9086 8769 9555 7487 7093
8 8835 9364 9167 9718 8912 7950 8331 3097
14 7561 4885 3866 8831 9655 8988 9462 8427 8577 8371 7214 6595 4383 840
10 7499 6381 5213 3607 3614 9904 9668 7390 6691 6124
12 7475 6361 5510 3807 9263 9362 9017 8685 7705 8941 5652 2363
5 7468 9922 7600 6624 2276
8 7553 3816 8445 7019 8998 8976 9175 9693
12 7512 3537 7457 8799 9709 8601 8399 8683 7489 7185 6827 6060
13 7471 3334 8652 9230 9688 9098 7902 7725 7544 7332 7052 6257 5010
11 7463 6031 9983 9848 9663 8235 7765 9169 7215 6795 4747
12 7455 3869 5189 9487 8324 8644 8359 8762 8482 6918 6212 4790
8 7435 3865 9251 9894 9692 7660 8612 6152
9 7429 5717 4502 9252 9895 7930 9507 6717 4641
15 7401 5497 5192 6053 9712 9392 9229 9807 7976 8983 7788 7530 7192 6074 4424
11 7406 4657 7209 7010 9240 8200 8394 8503 7290 6419 5549
10 7428 5240 9438 8917 8299 8365 7908 9493 7343 6687
12 7451 3666 7442 7364 9000 9244 8604 9391 7736 7533 5068 1403
12 7546 7572 8856 7548 7629 9790 9318 9053 8364 7702 6993 5232
8 7399 5808 6410 9464 8610 8605 9770 4474
11 7293 4066 6455 6034 7150 9337 8495 8537 7906 6612 5688
13 7318 4414 3462 9557 7278 9303 9278 8927 9750 7617 8674 6350 4918
7 7287 4717 9932 8797 7426 6995 5225
16 7320 3602 8795 7103 8148 9671 9096 9343 7853 7696 7559 7400 7144 6748 5446 2318
10 7329 4016 8035 9208 8525 8818 7844 8123 5788 2130
12 7398 3410 6200 8555 9496 7873 8289 9621 9521 7688 7405 8069
13 7357 6327 8785 8585 8023 8140 9437 7983 7526 7427 6847 5953 4120
8 7346 9958 8626 7734 8519 6045 5415 4192
3 7325 9906 4298
11 7230 6192 9105 8214 8775 8958 8885 9036 7821 8070 5896
4 7347 9938 6177 5264
5 7355 9931 7818 7059 5597
9 7319 5920 8191 8981 9774 8286 9771 9589 6514
11 7229 4346 3651 4703 9375 9077 8649 9261 8867 8770 5661
5 7227 9921 7517 9172 4341
11 7210 3542 7216 9192 9239 8972 8238 7566 7524 6487 5376
10 7198 3566 7152 9826 9597 8467 7985 6505 5718 4041
8 7188 4309 4202 7494 7987 9489 9569 3275
9 7186 5721 9579 9880 8201 8092 7717 7467 2862
12 7180 5089 7172 8642 7944 8280 8208 8888 7074 6458 5563 1823
14 7156 3601 7580 9104 8151 7778 8470 9185 8954 8608 8001 5629 4509 1972
9 7141 4894 4635 4115 7263 9623 8361 8422 9476
11 7140 4164 5751 7516 9163 8512 8734 7955 7739 8517 5423
7 7129 3426 8823 8173 9377 9766 3589
9 7119 4575 7277 9466 7004 9471 8240 8607 8850
5 7109 9991 8114 9673 4592
12 7088 4421 9511 7411 9070 8903 8318 8032 7886 7784 6976 4861
11 7114 6316 7870 9505 8099 9395 8230 7780 7758 5544 3664
6 7108 9969 8507 7519 6661 5819
7 7070 6189 4733 7684 9861 7795 3569
12 7064 4008 3821 9604 9574 8656 8771 8386 9095 6994 5504 44
14 7040 5693 5359 4973 9928 8926 9658 8821 9310 8205 8959 6434 5588 2824
8 7020 4761 8806 9908 9686 8251 8350 3880
11 7028 6239 5621 7197 8692 9531 8013 8260 7168 6405 4186
8 7013 9971 7485 7112 6317 5884 4185 1950
11 6965 4090 3632 8243 8746 8906 9825 9759 9025 6700 6342
15 6961 5387 3564 5507 9164 7434 7729 7903 8749 8584 9399 9203 8424 5873 5173
12 7104 4686 8187 7988 9800 9442 8531 8398 8897 6775 5499 3617
12 7116 3510 9180 7081 8186 8669 8392 8358 8195 7476 6603 5294
12 7082 4064 9002 7344 8721 9363 8456 8091 7095 6330 5407 2169
9 6952 4637 5500 5957 8071 9808 6650 5149 1881
12 6916 6228 4877 4184 6550 7535 9221 9630 8161 8619 8083 6111
10 6913 3833 7448 9584 9205 8842 9161 9280 9558 5672
6 6912 9973 9184 7391 6911 4996
12 6924 5516 8367 7967 8025 8362 8633 7851 8226 6461 5707 4013
12 6901 5237 6003 9199 9667 9542 8297 7997 8216 9334 5449 4315
14 6900 4475 3384 4228 7438 9038 9389 9662 8222 7538 7478 7032 5848 4671
10 6843 5744 3740 8595 9056 9835 9468 9013 8480 4729
9 6851 5816 7662 9939 8340 9717 6533 5961 3631
10 6875 4410 7690 9407 9616 9174 9427 9004 6191 3238
9 6877 3840 7323 7275 8986 8754 9008 8433 5592
9 6884 5382 9785 9348 8241 9365 8082 9430 2307
11 7117 6338 9135 7949 8074 9119 7992 7888 9638 4305 729
10 7224 9949 9639 9114 9315 8320 7219 6637 6010 4392
9 6849 3605 7922 8737 8691 8549 8417 8369 7700
14 6831 5324 4687 4153 8747 7221 9330 8672 8053 7753 7359 7042 6266 5561
13 6822 5769 5743 4207 8118 8220 8413 8264 9565 9719 7756 9532 4545
12 6815 6199 5369 8915 9537 7697 8545 8873 8408 8168 7189 5950
11 6807 5727 3910 9731 8871 9043 9194 8466 9660 7733 4901
11 6794 3629 3594 9912 8661 9152 8196 8468 9131 4923 2508
13 6783 5970 5112 4848 9512 7816 8664 9480 9728 9676 8939 6288 5130
11 6724 4586 3693 9972 8075 8169 8812 9451 6690 5865 5198
12 6780 5049 9926 9064 9742 9758 8817 8258 8478 9772 7751 6665
6 6767 4352 9961 8002 8982 9472
10 6745 9968 9867 8405 9434 7539 7450 6667 5524 3218
5 6735 9954 9850 7011 5731
9 6740 9962 8901 7978 8975 9568 7565 6721 5412
6 6741 9657 7941 8945 9508 9360
12 6747 5295 8128 9570 8645 8918 9416 8592 8696 8374 5791 4760
6 6752 4011 9893 8701 5850 2322
9 6756 4629 9844 8881 9356 9601 8163 5512 4018
12 6786 6575 7145 8387 8634 9243 7740 7667 7402 7057 6354 5044
12 6804 7236 9546 8263 8103 8415 8846 7961 9339 7720 8884 5828
10 7314 9165 8296 8911 8623 8056 9396 6271 5538 2625
13 6706 5299 5060 4782 7777 8638 9490 9193 9802 8036 7776 8414 2238
9 6695 5868 4495 3708 9956 8363 6606 5666 4047
6 6689 6403 9999 9614 6300 4023
11 6694 4071 6206 4764 8500 9470 8756 7852 8137 6185 797
4 6670 5649 9997 8618
13 6663 6115 5615 3459 4938 7174 8533 9321 9745 8838 6992 6227 5078
12 6662 4482 7558 8547 8115 9587 7918 7845 7896 6685 5960 5048
12 6656 4200 5686 7732 8266 8748 8763 8479 8311 6958 5939 4961
13 6654 3655 3875 9158 9882 9554 8513 8469 7970 8152 7241 6250 4540
8 6649 5890 7557 7663 8667 8383 9342 8000
11 6633 5746 5699 8876 8694 8446 9376 9081 9338 9545 5859
10 6658 6296 4867 9769 8546 9929 8276 7813 9329 391
7 6607 3779 9497 7122 9787 9117 2170
11 6558 6450 9819 8761 9592 9233 8472 9642 8171 4803 2786
13 6951 6182 8560 8952 9250 8583 8393 7855 7781 9120 7131 5988 3172
12 6669 9524 7276 7829 8225 9236 9260 7624 7423 7111 5331 479
8 6711 9134 9106 9722 9760 8452 7182 2770
9 6765 9071 9900 8928 8381 8570 9714 6817 5476
8 6836 9450 7246 7453 9818 6569 5895 1136
3 6879 9916 3517
6 7248 9177 9264 8693 9066 8994
11 7249 8219 7710 7595 9322 9697 8121 9126 8861 7408 6766
10 7255 8554 7315 8826 9727 8805 8834 9277 6889 5275
9 7372 9620 7513 9843 8697 9206 7832 8119 1680
11 7373 7686 9516 8616 8314 9551 9154 9560 6364 5665 3224
9 7379 9955 8845 8015 8919 7772 6289 5077 3274
10 7430 9617 8033 8590 8841 8776 9094 7859 8722 5438
10 7446 8188 7503 8031 8473 8794 7968 6568 5926 5035
10 7465 9297 8194 8072 9235 8045 7925 9294 7714 5586
11 7574 8937 7576 8312 8400 9674 8611 7836 8332 6080 3712
10 7666 8996 9902 8252 8423 7723 9499 6944 6507 5501
6 8338 8521 9156 8253 9747 5003
6 8410 8088 9831 5854 5555 20
10 8448 8412 9328 9026 8839 9217 7820 9259 6492 5841
5 8588 8504 7075 9797 7252
11 9045 9345 8617 8857 9865 9606 7752 7591 7288 6494 1288
5 9144 9483 9873 8613 7036
9 9286 8955 9019 9855 9484 7170 6881 6051 4778
13 9830 8989 7226 7984 8627 8855 8153 9615 7822 8647 7133 5607 3286
4 9927 9811 4348 480
12 6541 6004 3615 7171 9881 8250 8439 8451 9146 6315 5266 4538
14 6466 6277 5343 3976 6069 8597 8062 8550 9853 8706 9129 7138 6769 5460
13 6485 3817 3555 3477 9028 7900 9384 8720 8006 9609 7038 5836 2210
12 6529 3667 3554 7808 9694 8127 8233 8267 7774 9635 5937 4445
13 6502 3826 3461 5351 7232 9858 9157 9629 9016 9061 7151 6479 2764
6 6457 5214 4409 9418 9765 6032
11 6493 3403 9613 9433 8049 8896 8639 7880 7345 7115 3780
8 6456 5393 5562 9936 7087 6423 5659 4531
12 6424 4665 4749 8257 8551 9423 8515 7721 7593 7459 5696 3033
9 6418 4255 9037 7770 9783 9367 7947 8556 2816
12 6412 5358 3544 8671 8542 8598 9683 8474 8790 8178 5432 2090
10 6404 3989 6076 9919 8335 8052 8275 8337 5454 1507
