1 296
2 286 171
7 294 285 214 11 235 59 240
10 299 187 230 295 140 291 255 182 279 169
9 275 95 96 3 147 20 152 46 247
9 249 227 91 121 298 98 155 256 165
8 216 58 21 68 197 45 145 1
8 246 38 29 207 101 141 186 132
8 259 267 102 236 90 12 262 130
7 220 79 202 6 181 66 69
7 260 245 14 195 205 17 143
7 276 200 244 23 112 30 135
9 212 218 53 239 117 5 106 154 52
1 184
1 180
9 168 24 63 172 86 10 292 47 178
3 167 13 263
7 127 213 50 42 51 120 149
8 164 137 113 82 258 201 264 272
7 133 57 40 243 83 289 257
2 134 105
8 148 225 188 26 269 31 100 9
7 203 44 204 109 16 176 84
8 162 60 128 209 70 78 288 208
8 159 125 241 268 237 35 142 123
7 161 129 146 48 196 229 173
8 210 19 217 114 248 242 231 293
1 116
8 108 92 261 28 61 81 265 37
9 110 193 224 157 253 25 67 97 175
1 99
8 103 74 277 122 170 118 104 49
8 136 198 284 89 283 223 206 2
9 88 15 166 254 160 138 266 251 278
1 87
10 85 290 39 222 22 139 250 280 233 274
7 72 273 32 27 119 71 94
9 75 150 174 271 163 124 115 215 153
9 80 18 281 158 190 199 192 228 151
1 54
1 41
9 34 62 156 185 177 131 43 194 183
1 0
7 4 107 282 73 287 297 77
8 7 56 232 111 76 219 126 189
10 8 144 226 64 191 93 55 252 270 211
0
0
0
0
0
0
0
0
0
0
0
0
0
0
0
0
0
0
0
0
0
0
0
0
0
0
0
0
0
0
0
0
0
0
0
0
0
0
0
0
0
0
0
0
0
0
0
0
0
0
0
0
0
0
