7 7468 4802 2178 3338 7387 5674 247
7 2591 5920 2670 2411 3400 7955 8299
11 8227 3061 1446 16 8305 4688 9431 8589 6944 1383 1020
11 7227 7815 6555 4983 3440 4745 9066 5728 8222 1823 8180
4 4796 1579 6770 1107
8 9504 7088 5997 5044 4514 8066 2361 2224
3 7948 4939 1705
7 2418 3311 3733 9372 8908 1522 1894
5 7206 6281 8933 1562 3184
12 3202 935 8881 3980 2334 116 3356 1816 9455 5348 2249 8377
10 2736 129 6445 8117 5492 8460 8669 4522 3369 2252
11 2573 1108 2978 2721 738 6760 4755 1638 7806 6088 142
4 9927 6322 944 5672
4 4887 8061 5917 7460
12 5982 3731 8006 8032 2820 5810 7540 4132 8676 7123 5972 7723
4 8890 7218 794 5111
5 1855 6009 8565 6868 4133
9 9459 3669 967 3705 4095 1230 818 3302 3026
5 7110 6462 3571 2238 5776
5 8563 9484 9493 5533 2592
5 3560 5773 7095 5265 8211
6 1880 9648 6034 9521 7696 3380
5 7716 5802 6624 5047 5108
11 6517 6768 4148 517 3844 5775 1064 9168 5395 2623 1207
6 2660 1105 7014 7859 778 269
15 2176 4135 4942 5298 2057 3407 4340 3305 8369 5068 8381 5647 6411 8942 9432
12 1817 9100 8995 2966 9586 4274 2894 2991 4996 861 9615 3464
3 9287 7904 3478
3 9121 5377 2983
7 8670 3530 8702 4295 5814 7219 2764
3 4027 2092 3723
6 1135 7997 9814 1468 3330 8057
8 5991 6245 4819 698 2091 5581 9258 7481
4 7433 5159 4427 7517
8 2384 9817 6618 1935 556 2280 6390 8301
6 2581 8661 427 3062 329 8178
2 5071 3619
7 7325 9880 8745 1060 4122 3388 8480
8 6527 744 8281 538 4092 9764 386 5926
6 4471 4608 5 6676 8503 6477
8 5903 558 9447 1413 9711 6364 8216 3771
6 8967 5635 5949 1575 1185 2845
9 3647 8762 8496 4925 9552 5316 8523 5446 2610
5 5480 1721 5895 1068 3402
9 1000 7892 3644 6401 4269 4581 6696 758 8789
5 5091 1847 9616 4222 4091
8 1339 2000 5136 3630 8322 5339 1572 2597
4 7581 6688 2750 5293
7 3539 3990 1367 7942 9277 1120 5318
2 203 6060
9 6544 2142 8624 965 6495 8126 2903 1213 6185
8 476 7844 5918 8540 6588 2064 460 616
10 7632 9575 2001 1566 7979 3838 7822 4545 3950 1487
3 7013 3887 5109
4 978 7416 8884 1136
5 3321 9897 594 2379 6650
3 2528 2697 8543
6 306 3828 7513 654 1423 2724
5 6686 6065 4354 1011 7795
9 2718 5711 7809 8767 3173 4220 4962 2821 5275
7 2887 9336 6792 988 4861 7052 7402
3 2053 148 2627
4 3654 600 2154 9304
4 8088 9313 2768 8414
8 6321 6072 929 7983 4650 7660 5485 4281
6 6753 5618 3215 4529 5058 8163
8 1159 938 3940 3680 6035 4445 623 8185
8 4941 446 1742 9961 1699 1374 258 3627
10 5983 5570 28 3600 4464 2097 690 7409 6289 1180
8 8824 5687 4447 4235 1825 9597 5057 9885
10 492 5221 3548 2918 4611 8089 8313 7863 8927 9536
5 8773 1586 3150 4633 7700
6 8071 2075 3703 4695 163 8850
5 3358 3566 6259 4294 7093
6 5226 9919 7830 2792 9957 6467
5 8306 2984 4854 3134 7480
10 1399 6884 2122 5626 2433 3136 2676 3525 1688 5501
4 1192 6724 9474 7182
4 2758 1695 8182 2134
7 6190 2018 815 4964 2794 955 3346
10 5441 1034 750 5003 8997 5162 1347 255 8654 8467
3 7575 4127 6315
9 820 2870 1544 7938 9637 9115 8267 5055 1611
6 8596 3759 2806 4754 5274 5020
5 7804 320 3081 5132 3289
8 9954 209 5662 9184 1953 653 1622 389
10 6377 6645 1046 9153 205 915 2637 4265 1691 8957
8 1376 8998 3472 3899 745 420 685 3626
10 2939 2602 4238 1308 201 2669 9423 9531 9560 4160
5 9377 8538 8371 8825 9196
10 8730 2739 6626 6183 4928 5048 2994 5065 9383 5179
6 8727 2488 9296 5896 7642 8199
6 773 1754 4149 5961 6917 7974
11 7678 1187 2798 2029 5435 8100 5922 4287 5936 5257 9932
8 4646 8525 3968 3927 4823 6310 6878 5697
6 9483 4572 9123 1909 8765 9673
3 8965 2147 6127
9 3760 6247 7450 5545 1043 6847 9891 5119 977
10 3936 2021 6946 6229 3041 7328 8452 7419 8396 2157
9 4011 507 155 7867 9660 5935 2096 4181 465
3 7025 787 5646
14 1067 4074 7210 3905 5151 2101 7646 6388 4753 5791 3095 9955 82 3097
4 4829 881 3741 1261
13 2346 2338 3178 3213 1484 8537 3934 7944 7374 7524 5741 6073 6271
6 6252 9663 4595 2987 5447 7173
5 2430 6014 3063 443 939
2 9803 4243
7 3696 6581 5794 4614 6157 4240 4846
5 4138 143 4610 1832 7825
20 3381 6340 7497 6513 5084 559 6376 6369 8358 6396 9491 9365 167 1077 4721 281 6175 3417 5438 8120
2 2288 464
8 9360 1380 7367 8454 630 6667 8858 3969
9 8578 6480 5260 288 13 5030 1329 131 5002
6 3709 9507 349 5247 3500 1129
5 2297 5658 4352 707 3618
6 368 7438 657 5330 9097 6166
5 7482 2518 2540 8320 525
7 8402 6991 5035 5753 8781 192 366
5 7621 5153 7649 927 4803
5 6834 3678 1454 7288 5470
7 6463 7516 2382 188 1940 298 4277
8 7347 8356 5354 8751 3431 8015 1103 2276
9 7109 605 6830 8749 8632 2011 8404 6227 1144
11 1545 9085 9008 9875 1268 8256 1621 5587 8561 1788 5302
10 563 8244 3779 8619 2471 5978 2855 2795 2027 4927
3 1973 4320 4361
6 3362 3278 6470 6482 743 4042
4 2620 2944 1753 2897
5 8330 9807 4332 9371 4474
7 1922 4054 8347 7537 5399 2953 1038
8 3225 2315 4385 9206 2915 9494 7586 3892
9 1874 8251 4378 3192 3175 9956 1419 7559 4504
6 8047 6775 7980 7426 4506 5543
6 5968 7718 2703 2763 7011 5408
9 6583 3222 964 6535 1708 3677 8269 1478 7238
3 835 3864 1887
2 3291 8718
8 3861 7029 7523 721 2876 6715 3656 9745
5 873 3020 9964 2814 3664
3 4301 962 4700
6 7522 9967 2925 6542 3347 8966
3 2412 5176 2840
5 4520 7342 1918 5900 1019
6 3491 6070 8683 5122 3620 2701
3 1140 2609 1826
7 1114 4083 6084 9971 9308 6876 8710
6 4868 5625 5186 4683 3287 9719
8 4411 946 874 8411 3889 5216 9656 3069
16 9349 4898 8339 7125 1732 9587 4632 6766 3978 3198 7470 3863 4116 3094 7565 4019
9 1146 4121 441 8987 1073 5612 5107 411 6170
5 4467 7679 3594 8936 1569
8 3147 2298 9318 9221 3275 6496 1958 9840
5 5578 603 5144 4077 1701
3 7270 1286 1923
8 6031 6692 6249 5156 4284 1514 6448 3994
8 7506 8904 9989 5430 7297 6005 8919 2145
7 641 8165 9524 6447 8579 6 2409
7 7122 582 105 2310 7345 7885 2117
7 8553 1342 5238 7589 9006 1303 3617
4 1027 7410 4375 2363
10 9740 7028 1797 574 7970 4189 914 7089 6664 8920
8 1785 2406 4510 7919 7814 6371 7989 1173
14 5975 7274 8206 4076 7945 4431 9900 9488 1928 5964 4901 5364 2321 4662
7 6960 3592 6131 8721 4371 5105 9638
8 6090 8922 1905 3599 226 1520 3881 1139
8 8253 6363 7101 6042 6309 6318 2125 976
5 9359 3711 9099 3217 2691
10 7655 2517 8466 2747 1076 3960 1966 2671 2839 3850
10 7760 7047 2042 7425 4280 5750 9120 6621 4226 4337
12 310 9179 7520 2995 7923 8014 6892 5833 6791 8278 705 5046
3 3086 4380 1212
4 9249 4751 8205 9573
5 1998 5855 2824 3427 5735
5 8711 3515 2822 566 1312
7 5478 5130 4315 7590 1624 4199 2618
6 1803 4936 723 7094 251 4145
3 1626 6241 6546
6 3870 7977 2604 7611 7878 4484
7 1563 81 1061 6761 6941 45 9860
3 9914 5703 3313
3 6018 8365 5857
6 7453 905 8078 3561 8327 9086
9 872 928 5505 8380 410 6049 5613 3713 5828
6 1022 204 9439 3860 1403 2148
9 1178 9702 7020 4415 7744 5826 390 3355 4013
8 9913 9735 8667 6133 9664 6627 8058 2508
4 2866 5763 5327 4538
8 1319 9726 2946 5148 5434 3206 5073 1972
6 1956 7749 9170 7943 6465 3853
5 2709 6086 7836 8336 8154
5 4736 3965 4968 759 2389
5 240 9146 479 845 5078
7 4793 4488 7289 7221 1607 9129 4725
9 9763 7788 2629 5142 6330 5033 5418 7487 2858
4 3367 3318 9017 1055
14 1002 9862 2016 5893 1990 9665 4647 2823 5595 2440 4192 8863 5175 737
6 6143 7160 7747 9396 7969 4530
3 1018 8001 3422
8 8192 3740 2549 2111 8643 2262 6595 899
6 23 1341 9873 731 6964 4671
4 9418 6355 2847 9600
5 4417 931 1488 4067 3749
9 6238 9540 6731 8497 9667 8223 361 5831 7441
4 2448 5588 8174 675
11 2015 6520 1485 9877 3486 9417 2606 4731 5874 9878 906
5 6912 8080 7335 4424 6592
7 9449 9986 413 4459 540 79 4553
3 3708 8568 2544
7 9550 7280 1594 6511 4383 4018 5616
10 2751 5412 1960 3250 3419 7722 7204 4926 6212 2746
3 3827 2877 8069
9 5985 1654 4322 8944 3310 3240 7074 8622 3357
4 7015 7290 8532 8862
4 8878 6365 4564 8087
10 174 54 4306 8971 504 1052 3274 3497 8714 2349
5 9019 5580 4057 5311 3093
11 8571 3634 2678 7181 9479 4576 4508 5349 6691 8473 6439
14 3824 1764 9865 1388 9758 1375 9428 9773 2643 1802 324 9312 8372 299
8 7936 5742 9553 5121 8114 8282 5820 7241
6 1246 2893 9238 7157 4 7192
16 4644 7501 7078 4144 1712 912 7798 2344 2472 6055 5385 3920 7950 5149 8569 5592
8 7779 624 4735 9792 925 7720 8391 9259
6 1381 14 2843 8986 1290 1158
9 9530 6180 4708 9676 4513 1540 9568 9918 6350
5 7444 4172 7717 3604 5606
9 1529 1854 7265 515 7667 9958 4904 980 1437
3 5513 805 1820
4 7773 3042 5037 6288
7 9693 9467 4780 3662 1244 5677 9172
7 4006 2470 7476 2878 6534 797 4631
12 5444 2473 7340 3118 3818 5224 401 4237 3922 2194 9818 8337
12 666 6560 3730 5019 3015 1648 1126 2522 8836 2073 8738 570
7 6591 1878 4473 8809 1148 5752 7138
10 1778 6614 3076 983 8775 5368 8897 1633 9717 6022
5 4818 3687 6423 9953 6050
6 5573 4722 855 2457 4129 5449
5 4557 360 7002 4531 4568
9 766 7644 1762 5146 7385 6933 7752 3002 2818
10 4325 9689 7262 7832 2010 7151 6444 6499 2158 4779
11 5649 5864 7248 6935 8778 2443 2594 547 3858 8046 5413
2 3193 4241
12 3608 1666 3359 5414 6346 3186 5834 8570 3099 8880 8790 1161
3 1284 9979 3480
3 7684 6562 3737
11 8719 9788 3642 7584 7875 1476 308 4086 5657 2595 3755
8 6039 9301 4097 1395 7765 7985 4680 4186
7 4420 7121 7352 7069 2968 8888 2259
8 2541 2251 7485 8526 486 6675 7484 1293
10 9723 3223 6368 2114 5617 5117 8613 1974 5652 4069
7 2951 7833 5754 6193 8354 8634 9472
12 5969 717 7625 2197 8288 6311 3971 7008 5269 6500 3928 7530
8 8788 3682 5215 4540 2103 9909 9811 5665
6 9910 2423 6301 9157 831 8499
4 5780 4971 6010 710
3 6744 1554 4158
5 7362 4465 679 2666 2813
7 4838 8885 3180 5607 6533 7681 1001
10 7913 4249 5080 8107 3494 6717 7001 5798 6433 2200
3 4679 8606 4669
6 1208 5426 4900 3413 6214 7058
6 7147 1143 9653 9661 6242 4626
2 7990 4799
5 8184 9090 9503 7146 6611
5 2445 1298 3792 6093 1134
7 2265 1334 4480 1287 2165 4905 2628
7 5886 9437 4362 3505 9470 3071 5586
5 4469 6481 1599 7264 3335
8 943 2931 8048 2550 107 1720 4951 9239
2 218 1805
3 9868 3690 2521
7 364 8934 1382 7163 8234 2204 8994
11 4588 4599 4262 9353 436 7073 7059 3520 3153 2563 8098
8 4949 9399 9413 6782 900 1483 4180 2136
5 8303 5908 9960 664 295
6 7613 6817 1295 6501 1128 2421
5 4070 2698 5095 8168 9532
9 311 7314 5164 3526 6264 8417 2580 2579 7937
5 9824 369 9057 6819 858
9 4317 3256 1409 6250 5077 8574 7596 7349 9827
3 9252 6564 9374
6 499 3091 6514 5202 2223 2936
6 4717 5842 9384 7902 7991 5273
12 7346 6965 8239 1142 9026 6602 4612 7743 3191 2564 8106 6334
5 8000 5797 4728 4757 8556
5 4329 442 1119 883 4120
5 7972 1321 6978 4118 6568
5 3207 706 3903 6958 9567
11 923 9535 6124 6107 1205 1574 1172 1242 3876 6273 3528
8 3341 836 9444 4029 6976 4606 4252 4978
5 7458 4341 8581 4305 1929
8 7284 3519 4298 1183 4049 1665 7358 391
5 7355 4573 9834 9032 4769
7 9251 2214 1811 455 7026 868 840
5 3088 2364 3935 6559 6524
5 180 5106 4625 4766 1318
11 6610 3829 8298 8914 2069 2229 6256 2929 5643 3379 4987
7 3578 7771 7027 3234 5932 1141 1247
4 7075 926 3609 562
10 3614 8029 7536 7397 220 7906 5456 383 1133 7509
5 5553 2063 6994 7981 1327
4 5059 4976 1322 2727
9 1555 7285 8610 6169 42 1238 8685 8602 9796
4 1344 1865 651 3458
7 5979 8353 1296 9822 4977 1614 1490
4 9044 8188 4730 6191
7 5067 1641 7035 9643 9088 1536 2032
3 7909 470 3975
4 5254 2864 6992 1982
6 9346 73 6148 8124 810 7593
8 719 7528 8536 9435 8893 99 2138 7359
7 4483 5206 9448 9041 3712 5714 8238
5 5332 5604 5276 3923 9895
10 3230 3169 8284 911 5096 4864 4010 2175 9942 9241
3 8605 6603 526
4 6515 7623 447 6468
4 9515 6759 7413 170
7 9520 5755 8815 1728 937 5865 3856
5 6403 8038 4744 5812 7404
7 3729 9588 4701 4961 8651 8424 2659
6 1844 9542 4210 4339 6335 9604
13 9489 3476 5450 6472 8625 5739 3982 5233 1698 58 3872 9937 879
6 7061 8822 10 1760 363 7986
5 1023 2155 1573 3945 5571
9 5137 8173 592 4972 2692 6697 2545 6144 6997
3 7108 7056 998
6 1037 6880 5481 6300 1739 5280
10 7464 9381 5898 5845 6950 6177 8829 9193 5462 5320
8 8968 4212 7051 8 2059 4140 5661 8012
6 9256 8073 9011 5124 4844 5873
7 4604 1943 2655 6204 7431 1793 2770
14 5371 3216 9894 1486 6028 6525 4726 8275 4723 5410 535 9591 68 3284
15 2212 1428 1525 9607 1702 8248 7351 752 4768 7291 7826 3944 7168 139 181
5 9186 5664 9787 5455 406
9 6879 8230 8436 4956 3132 6136 5894 8859 6230
4 6745 3265 6275 8350
2 3288 8022
4 2099 6823 8909 1646
8 7862 4470 1818 1891 3116 4852 6427 9990
6 7432 9350 9154 1983 1952 7185
6 2177 4998 1837 171 9 2408
7 9925 8334 8672 5493 3543 124 790
8 3252 6573 1808 6443 5270 49 5439 4457
2 9451 9916
3 9049 5897 1003
8 4450 631 4477 1683 2080 9220 9358 1497
3 2007 6126 5720
9 8758 4709 2491 4454 9145 9669 4288 7953 4697
4 2486 8808 8232 3652
2 3638 5547
5 7196 89 1084 8044 2055
7 1776 6914 7639 4261 9938 9721 8255
7 1546 5460 2405 4161 1950 1758 1659
3 1190 7563 5538
7 5562 440 8364 9793 8082 8818 557
4 5679 8156 7886 2273
7 8422 2886 6666 8151 4909 901 1225
7 613 4600 1317 8974 6373 5458 7368
11 1433 8170 6108 2266 1080 4188 1445 3128 1858 1131 5784
7 549 7373 6362 7622 8867 9434 7049
4 408 880 5758 4518
9 39 2902 4412 9518 5401 4641 4541 9589 9749
5 3145 1537 1456 3769 9329
2 7383 7467
8 3694 1772 9697 3390 8084 3107 5989 593
5 9864 3742 1938 5854 7105
8 5721 8276 5696 7727 2302 9782 336 8724
7 6913 3337 6312 1946 4193 4254 7714
11 9509 4114 5286 9688 1351 2815 9624 7592 1936 5110 8019
8 6207 1398 6586 1091 4364 3518 1662 8877
5 3508 3293 7496 4896 1948
6 798 4221 7100 5314 1904 9281
3 4321 888 3279
7 1459 243 1895 7427 4490 7112 781
12 6548 9513 4468 8432 9949 8900 7187 5482 9596 7896 6968 6789
9 1736 3728 6701 1360 1890 7395 5319 2354 6011
6 4810 6323 8279 6773 3734 3956
4 5281 3350 5725 7527
12 4528 7627 9270 7850 7851 2707 1092 7835 6685 6845 2046 6339
10 2112 6907 1542 4463 351 9126 8482 2301 1581 3423
7 8200 2381 9389 8141 2993 3218 2090
10 3163 6125 2524 242 9984 6428 7784 1645 229 9004
12 5317 4345 1071 7665 1975 5203 4363 7583 5431 103 4462 3378
5 3557 9966 7968 1939 9334
4 2343 539 6145 3120
4 8070 619 3683 1249
4 0 1234 9201 7133
3 5950 34 2225
4 854 5072 614 8740
3 3312 6406 2530
7 6801 249 2500 4416 640 3488 5723
6 262 4645 5946 8349 5494 2130
5 6382 2682 2289 8013 7615
7 584 78 7577 4229 7304 6096 5398
6 2693 6102 8576 4668 347 3631
13 264 5577 5217 8741 4389 2879 1164 764 5591 9590 1127 6693 8196
6 995 1481 9775 6599 9311 1694
8 2237 134 8761 7461 7228 1680 393 9210
9 6825 2499 5827 5104 8478 87 4771 6187 6210
7 5437 2487 2277 4273 3977 6394 2267
11 2649 7711 5064 3368 5608 2754 4820 3019 3140 8166 2631
