28 9890 6425 3640 2396 3411 1229 2242 3905 3167 9260 2590 6954 3819 4161 2982 4955 7823 5799 4886 1722 9205 823 4255 6011 4026 7002 3901 2155
24 9988 1595 4503 3855 4976 8462 3348 6300 1219 6037 8878 123 7025 4448 6998 8667 5252 2700 8419 1844 5722 142 8323 6201
28 9960 2241 5669 1554 2167 8679 6615 597 3791 2651 384 5395 9365 5720 7587 3067 9471 905 5778 5676 5339 6455 3542 7551 8218 7319 6830 7652
30 9925 2191 436 7439 3903 2767 9963 1521 3182 8840 619 6185 7071 2887 1459 3585 9299 1713 4051 6526 5641 6831 2621 1018 195 5946 8219 5950 4897 1993
29 9888 2921 4392 89 5387 7867 9777 1300 4134 8728 6820 2986 1935 9287 9448 8597 407 834 5655 9711 1078 296 5719 7713 638 4561 788 2134 2518
31 9872 1472 8523 3618 9095 3347 956 9078 6236 5133 1349 4021 5063 673 9344 492 52 5131 2639 2580 4606 8209 4403 3163 6339 1474 9535 4552 8589 9782 3748
23 9861 3505 4099 2930 343 3587 789 3742 4892 9769 1482 99 3400 5487 5692 7366 7085 2619 464 2942 7997 7153 8636
23 9858 702 2755 2992 6112 7592 7745 8617 3982 4425 1314 9935 6968 7591 4389 1884 315 8633 1834 1393 637 7066 124
28 9832 3831 2440 1364 1822 1380 7259 6634 6764 9126 8224 5420 4456 4382 7919 8490 6698 56 5415 9521 8173 1782 5624 5515 8803 9347 5054 7187
32 9822 3766 2452 4701 8017 8841 9190 1604 8239 243 8588 8055 7039 39 7237 143 7692 611 7898 2379 4202 9801 1775 423 5932 607 714 6745 497 8298 5284 7234
29 9738 4119 3075 1196 6664 9804 82 9590 2609 1368 7405 8477 70 3035 907 4546 965 6545 5531 8425 8429 9512 6458 757 6583 5386 6823 966 7049
30 9670 4052 2182 1807 1809 2395 1994 5857 2499 5900 8122 7032 3721 2354 1892 4776 2888 8773 247 268 6132 7254 7204 9514 7354 6408 9563 1727 8819 531
30 9475 4141 2381 534 4318 6983 5598 6822 1865 926 7580 413 7082 4136 4179 3003 3461 4207 398 1286 6604 4333 6723 5039 3237 7858 3421 1928 8265 2423
31 9601 2586 6347 854 7986 4983 8746 250 5302 6160 3262 5404 2720 3136 1494 5270 2753 7737 6326 3261 5616 7749 3307 4912 1527 5677 4936 2501 4827 5007 7534
29 9696 1204 6857 3172 4715 2664 3267 3949 3170 4348 6515 3336 7525 2408 9068 4829 2225 2108 1231 7732 3666 1284 9402 7197 88 652 4841 6498 1099
29 9714 2563 1956 1205 4926 4248 4313 996 9084 8593 8258 6460 7340 7884 9996 5505 4525 1906 9928 9807 5494 3874 7301 7128 5615 2537 3758 6656 6576
30 9814 1109 9942 7014 6961 9484 795 2608 8001 7755 7374 2325 567 6951 8378 8732 3418 5567 5554 2898 867 8748 8127 7734 3946 480 3308 9444 2007 7649
29 9764 7173 3698 1608 9719 8754 9745 3299 2289 1317 991 2062 5497 6176 3894 4230 4614 4704 1684 8795 2361 9331 5649 485 8810 3406 9615 2810 7690
29 9742 1425 8592 2244 6410 6322 6622 2313 7931 7291 8505 5791 6386 2973 6426 6439 8401 716 3852 9644 4982 7311 2336 7523 2721 7050 6524 283 7820
31 9688 6595 6509 9640 8072 2375 2334 2194 6296 5601 3484 3453 8666 8007 1457 7564 6850 5422 7961 6199 6529 6107 1362 9496 3577 1375 3649 7156 7966 5953 3517
29 9594 8177 9732 3612 5829 1631 5201 5176 1971 2513 4591 116 6735 9091 96 6518 5186 3569 4863 8354 1658 4999 9878 2709 4895 2400 6564 8898 8670
29 9581 3516 1833 548 429 2135 2106 2337 261 7415 5647 7076 3356 8390 4011 4276 6350 5958 9405 3822 2871 139 1232 7498 2360 8637 103 1875 9969
33 9435 2091 552 2012 421 5307 9121 7489 9851 1083 5070 6318 872 5661 3685 4420 2549 2593 803 3432 6789 8767 7226 6243 5814 5319 2824 4105 731 8953 7470 655 8799
28 9488 1752 3693 7384 5298 3122 9329 5170 2601 8603 532 9821 3241 6060 1667 1783 8999 1346 9597 8856 6923 9602 8520 3710 2616 4422 341 5638
29 9543 3503 6959 7698 3410 2768 5079 4950 8262 323 8391 4101 5352 4294 2204 6448 6306 325 7168 913 9132 2421 1443 6103 9582 9030 6404 1690 8385
30 9443 7569 7581 4034 5520 7715 7910 9939 793 4691 9970 5699 7007 6471 6483 9232 6851 8497 536 7285 4899 6605 9062 6501 2694 3588 6506 1369 5897 1298
25 9445 8286 4896 6421 6027 3272 927 4370 7955 2382 4603 6338 4438 7428 4429 8664 7954 5358 3478 8535 717 940 8270 9918 8009
27 9446 3630 2940 7109 2201 7203 385 4953 9231 1849 7275 1320 8938 4160 1866 6146 2174 1230 3750 7252 2285 6838 581 5918 2829 5851 7134
25 9662 1704 3781 6351 4286 1138 4356 1485 9658 51 1309 6582 3795 7712 1517 4125 299 1581 6678 8692 2628 3526 11 5091 4531
29 9692 9591 7638 2769 2186 4677 1996 4545 5425 6287 76 6018 6684 2800 2324 6170 8843 3824 6527 272 410 1208 8449 9335 9759 2041 3202 2528 6614
29 9718 416 3951 8193 1264 6554 7719 6817 4521 4559 161 2124 9458 4743 751 4373 5026 5806 8866 4649 2180 8344 2905 6260 2533 1967 1184 6038 3876
28 9727 2554 40 1964 678 6262 7117 1253 4432 4262 5064 4379 5367 2171 6365 1977 2521 992 7160 7736 1506 2079 6478 2976 4820 8317 2530 5707
27 9740 3051 273 7528 7668 3225 174 8476 4990 9057 2390 157 9421 6111 4149 8158 2229 326 6949 4932 6771 1277 8672 9023 145 4345 8194
26 9887 5984 5031 8530 5542 5228 8256 4325 5474 648 686 3174 6143 4918 2187 9021 3056 9316 4554 7920 3627 8788 2329 5948 2781 9343
29 9561 9695 3350 8204 610 4358 685 3648 5189 7036 4728 1524 3686 9 7831 7615 3639 8116 6736 454 7627 7113 3572 9813 1209 6667 4714 4364 8618
29 9440 9366 5529 8890 1210 1095 4597 8620 5496 1233 4435 54 4952 1126 8255 7491 7018 5378 2290 7189 9017 9518 401 3002 8302 251 5526 1697 2719
30 9413 3216 1143 5966 896 2239 6767 3847 3114 7369 5769 1218 8296 9618 6345 30 8295 8133 9534 5572 9125 5321 7303 2732 2927 9679 8582 8744 2582 7364
32 9392 3902 1764 9104 1410 2906 4391 6452 6105 1167 8912 8325 3743 2643 6352 8925 3063 9666 7758 7236 6124 8107 9911 5858 6886 6801 735 978 5569 1540 8180 6090
29 9360 9117 3302 2573 5940 6123 6643 5396 5312 2286 9087 5818 403 2235 1963 7924 7159 1973 7943 8703 6165 1979 3469 1869 9713 4995 8272 8945 9510
30 9371 1846 1531 4937 60 3049 365 6436 6630 1189 5578 7056 9844 1094 8355 449 4800 5493 1523 4853 9028 4849 1989 4319 2328 4196 8061 7965 9838 6835
28 9351 3720 23 528 6168 4050 4304 3669 6750 8894 6454 3622 5761 6100 5978 7836 7231 2164 7710 165 6116 8772 2638 8117 8880 7764 6898 2107
29 9191 4071 1896 2836 4650 9752 9165 6727 2409 5700 5055 9910 1799 9311 2817 6321 2206 6802 2792 535 6219 7594 9661 4608 7152 9687 1211 4418 6014
29 9321 2823 4878 8431 8624 9627 7974 7464 4524 9442 8794 7213 858 5450 7363 6653 955 4706 3714 7051 4220 8508 4210 3438 1281 6308 2031 1665 2507
31 9340 2139 78 8927 2916 1080 9907 5693 8494 1302 6584 6069 3277 798 1650 3269 3211 4378 5642 8217 2299 3615 6346 5143 9449 699 442 5196 166 9645 511
27 9328 9992 9956 9816 6753 2710 5138 2794 4799 1602 1360 5309 2080 1294 8762 6323 5242 9611 3395 5414 1497 7666 9865 1798 8484 4235 969
29 9284 1134 5794 6936 404 7980 8957 1998 2161 2071 4684 6997 4823 5913 6721 866 9681 183 6940 7410 8054 9663 2363 2405 517 9613 6821 1001 4821
28 9282 1573 5941 7331 4529 6520 2468 5670 3604 5822 4095 9654 6948 4779 7271 6924 1848 6689 4399 7504 9275 5922 3483 3045 5549 1601 8151 6301
28 9215 1660 314 9699 7323 2339 7406 4089 8638 230 718 9704 5874 2761 6696 981 9659 3790 8113 1101 728 520 186 8779 9148 4680 8412 9799
27 9211 9826 1816 8273 4355 2745 1707 9153 8330 1395 5405 3415 6414 2060 4027 8319 6417 4301 4154 712 1297 5571 7125 6358 6776 2215 9982
29 9189 2090 5334 7449 7543 7383 408 7412 8646 5911 7661 8131 6252 8691 6182 5800 5114 2658 3552 9726 9005 3935 4121 1978 20 9080 7371 7697 496
30 9180 3425 1386 9257 144 8950 8074 5949 5671 5580 9898 9733 7925 2116 832 9367 7656 2256 2692 4035 4763 6285 5283 6109 8962 3727 6867 9505 1106 9354
28 9213 6992 8003 2914 1923 930 1174 5935 472 7473 4290 1695 3730 9002 264 2130 3571 842 631 2127 4024 2162 3838 7683 6013 7856 7424 1773
28 9246 27 563 9636 4009 6794 4722 7840 848 2835 7000 5890 6811 5504 693 5268 5013 7040 1116 6019 8275 8690 3369 6327 9045 6633 6390 900
28 9194 7115 4458 8540 7845 6618 1160 7356 1871 363 4921 642 2577 9455 9712 2821 8023 599 9337 4876 6194 9972 2392 1951 2311 5729 2968 1990
28 9168 2922 1359 9787 4607 7485 1674 4566 6971 5975 7135 7334 6378 6114 1308 9290 9323 7365 1710 4826 3029 8729 1811 7332 2848 8290 2386 4978
29 9159 3448 1599 138 2263 3811 5705 9961 7240 2960 4520 5175 2539 9278 5909 8422 9570 4310 2806 2420 9016 1356 4755 8243 4008 8660 9164 7123 8964
28 9151 3968 389 1842 2512 3735 9263 1165 319 9350 1882 2832 594 4782 8855 4090 1636 2475 8210 1073 2112 433 8485 4907 4877 5398 6371 2406
30 8995 2297 1746 6493 653 8257 1222 6919 4562 734 8318 2188 3147 3705 9207 8095 4232 302 812 608 944 7293 6089 6694 8308 9900 2357 8771 1315 582
28 9157 656 6475 5116 2049 3731 3541 2021 4004 9883 1899 67 2944 57 274 4838 2492 4653 3428 3969 7420 8521 8922 9291 4411 2737 2850 5240
28 9155 5241 2933 2350 6444 147 1735 4025 1792 84 4825 5848 4551 9830 4470 2321 2941 6682 7825 7034 9318 2553 8084 7281 7090 287 8360 3642
33 9145 3873 3551 8026 9984 1241 53 5353 9172 5821 3608 6773 6213 9845 3646 4471 7126 7499 3109 1623 6195 4513 8612 5656 8079 349 8747 7154 843 3226 824 9404 7527
29 9141 2717 3533 544 5534 5148 8954 4307 8274 8655 1419 3146 5852 5219 6072 2278 5884 481 4618 829 1984 6825 9108 5016 2691 4619 5317 2957 1177
29 9111 2793 665 6030 2343 4530 3090 5878 1610 3508 4945 911 5817 3175 66 9011 1403 4865 7373 8705 727 366 5380 2812 3940 5285 2969 1235 4964
31 9106 3660 2156 596 4807 7244 4476 5522 6167 6652 6473 1032 1668 5963 9906 7288 5132 5540 3641 1763 5816 1563 9102 9225 3374 7595 7121 8195 1672 4767 9770
29 9058 4166 5537 1422 4165 5714 6616 9059 3678 4204 4515 8661 9389 3271 6282 8276 3602 9779 6314 1343 2764 3165 1974 6499 5795 9398 5489 265 1445
28 9053 3929 5136 2482 4824 4250 5744 5637 2680 8123 1837 5347 8826 3609 5577 6726 5295 4572 7098 2081 5933 9503 6317 1576 9710 2911 4526 4625
28 9049 3198 1067 9382 9937 5499 1245 5887 4110 9562 3631 133 1553 7199 7779 9046 1338 9749 1757 8785 7169 7480 2250 2393 2054 4683 1350 849
29 9054 159 3878 9352 3367 2024 1593 2450 8441 3487 7767 1045 5488 6187 922 7167 9617 9525 1366 9693 3965 988 963 632 3661 7968 3645 3829 9418
30 9014 2698 4757 9128 1776 7957 4694 2774 9994 1269 7037 3392 8899 6993 9010 3152 1122 7803 4648 7563 5034 7786 9086 7501 1900 9962 3906 2895 2952 722
29 8980 2234 811 6819 4436 9115 6746 7110 9619 7045 9375 4869 2685 7001 4417 9595 6607 6353 5357 2208 5893 6642 4537 6289 9524 8100 1615 8443 8395
30 8946 2652 7216 1924 2169 6556 5348 5177 1802 1477 9093 7209 5000 8538 6908 2006 1391 335 1640 4451 3012 9265 3691 9063 6 4337 9099 769 7978 2497
32 8858 3233 1030 4568 7394 7724 1053 5144 5682 3528 3904 194 5068 9983 5018 2019 3132 8787 9757 7626 4609 4187 5630 8735 8102 372 4108 6251 6932 2902 3159 6148
13 8854 3581 625 1768 7636 9817 7430 2840 9437 4363 8358 4882 9309
31 8849 2635 4236 1066 5461 7579 3610 8569 5274 6331 358 21 5550 1319 8115 4943 623 3213 1632 355 9614 1703 3087 9789 7376 4905 1765 9474 7926 126 9307
30 8786 2202 276 5668 8820 3851 7891 9149 565 5440 1444 7949 680 1662 2151 5982 5199 5123 9875 1335 6067 8719 7465 4265 1957 4973 4913 8585 6561 4087
28 8725 3492 5908 3322 627 9242 1004 9990 4158 3364 2548 2818 9800 4213 3343 2564 6288 9480 7070 1090 1388 4624 7360 8567 749 8070 6955 6906
29 8709 8447 3383 8885 779 4175 4795 7915 2541 2001 4997 6609 4243 7370 2682 2704 7124 193 6724 5986 5099 6641 3626 6619 2478 3197 371 362 4347
27 8724 1468 8513 9592 4200 5610 6427 435 5053 2009 7727 5803 5600 6044 169 1828 3885 4719 3788 5663 7055 1337 2248 5809 1550 1653 697
30 8598 3877 5245 1036 4442 5574 6485 1750 8718 5739 5074 3637 6354 9249 6941 6836 5067 4280 4700 4570 6712 6777 2676 9479 4463 8955 7521 3467 2634 6051
30 8561 5008 1670 9930 6374 1575 941 8911 7993 1310 5119 4223 2842 3393 3096 6451 8534 8119 2723 6043 3093 6536 3676 1500 6335 2498 4274 6513 2267 4329
29 8595 1035 8080 1835 2051 9549 8609 190 6230 135 4040 9247 1919 6192 3034 3672 8139 5389 3621 5920 827 5141 8169 4664 8409 7029 2585 7555 6091
28 8698 2335 7694 8083 6995 171 6049 7777 7392 2937 1248 6862 5768 7312 6892 9707 903 297 9567 3263 6937 7250 8427 2302 9642 9971 6810 5674
28 8669 3701 3867 1448 8651 3917 2744 7660 1671 546 1085 8814 1504 3301 6384 9596 3325 370 46 8212 1843 7139 5232 4615 31 1607 7294 9212
31 8653 2152 6889 3707 6292 6703 3439 8627 576 8511 6033 1709 3314 4215 5833 8621 5565 7829 478 8056 3372 7814 3270 6840 3224 9065 486 3583 7852 4963 2436
30 8896 3937 5185 3582 294 6731 6128 5457 8700 9973 9502 4002 4295 8066 7953 2287 1673 1789 2128 7447 1180 6095 3413 8126 8929 3800 240 8743 6969 4789
30 8961 9568 7864 3954 3036 5867 8111 9660 1082 1647 7188 7429 9501 3220 1068 8129 7630 7210 9162 7956 5762 1331 8985 5408 7508 6311 4592 9100 7908 7010
27 9136 9227 659 8751 9678 9394 2525 8309 1622 2928 4147 1621 1726 9616 1886 4103 8571 847 6383 786 9608 3559 2398 5344 2487 1559 7775
28 9248 5113 9079 8910 5683 1784 1657 4736 6138 8815 2262 8775 8650 6175 388 2447 5212 4133 8312 7454 1570 3498 7602 8935 4981 2143 7608 3386
27 9288 5532 7219 9967 6985 134 1525 5235 6364 8943 140 1701 580 5842 5662 4596 3776 4987 7797 1355 3561 8160 4646 8068 2268 5551 2504
30 9447 1556 4769 4966 873 7842 513 6854 4640 2457 4833 3273 5411 9334 2348 6629 9560 4321 9509 9085 864 329 3230 7665 7897 1786 2308 8941 8167 6511
27 9498 9470 9966 3050 9856 1344 3489 902 9376 9090 2656 8337 3778 585 4146 5541 9070 8138 8473 9373 1107 8965 455 7991 6266 8583 7887
27 9538 4238 2876 3620 7180 4096 7800 9583 8469 6385 9368 8106 259 6716 318 8498 2181 9511 5745 5902 8188 6053 262 439 7008 7654 5738
28 9589 3027 3914 3331 9096 3703 9272 9495 3683 3229 9092 6082 125 6692 938 5081 4404 8839 2192 3964 5089 708 2545 6631 2819 4872 953 4594
27 9038 8125 9236 7084 4126 220 5167 5296 4885 110 6183 5332 3377 9729 8529 6466 4372 672 6700 2240 4485 1108 7517 453 8986 1345 8114
29 8644 934 207 9506 7351 9980 7239 2232 4079 4241 5304 6813 55 1046 6156 6462 9507 5040 1336 6957 4668 1077 8163 828 3112 5536 451 6842 7021
28 8579 395 3598 9735 7769 740 7988 1306 2538 3362 7753 1128 2632 7725 9325 5239 8041 9239 3357 1617 1481 752 6907 2093 4947 8062 5470 5885
32 8607 7946 61 6234 931 5 4231 499 9554 1326 2867 2040 9628 1642 2893 95 9810 6079 4453 7357 6270 4211 1663 4484 6241 6911 5764 1404 9774 5621 7178 7414
31 8551 3856 3579 8052 3702 2137 489 1770 4205 3912 9254 7536 3058 8755 1544 5265 1894 2631 4482 3433 5288 8340 4022 2575 6986 5101 2214 6573 4890 6650 2367
28 8545 4794 5206 3005 7151 4628 1414 1433 5100 7409 4687 9750 5691 7973 3108 6075 7834 6775 5179 3658 1966 3586 2427 892 2776 2467 8479 2894
30 8730 8386 5675 7026 1907 3242 6747 3100 2274 1074 7802 7983 115 3065 2032 2283 9409 2070 6827 5267 2831 8557 8326 3688 4798 2706 2123 8539 2157 5255
27 8948 8851 8778 6973 5448 167 6437 6215 8974 1256 7771 3454 5974 4602 1451 2372 1536 226 1743 7325 7669 7339 2953 7788 574 5779 6804
30 9031 9747 7982 3844 5082 7087 690 4550 3780 2919 3105 4564 3488 9736 3723 5790 1013 4162 4911 7507 6645 5011 2612 2491 7616 8376 1464 2670 277 7796
27 8546 275 1491 2526 2147 5126 3151 3711 1242 3925 2946 8989 1406 6418 1114 7206 7585 1471 104 3689 6848 2978 894 7544 1010 1136 9643
29 8544 3256 1348 7120 8829 9974 1373 5157 8828 5146 5407 7305 3407 3131 2977 2683 4148 4549 2975 1803 3178 3206 2579 2729 6713 7100 1079 4707 6088
29 8450 3562 839 9304 4710 5797 9229 9753 3086 6412 5592 7282 1303 4180 4226 4488 2714 211 6939 1043 2750 1475 5190 8527 1396 3092 5774 1551 960
30 8453 1568 4060 4169 8464 9754 1430 8756 5596 1549 8206 9281 2943 1292 8352 6291 8796 3853 904 9706 7241 9834 3726 7445 1997 9667 7386 3985 7839 1397
29 8424 3042 1424 2715 4386 5102 164 420 7455 5035 6927 9218 7300 1223 8475 6565 4043 4842 7959 7571 8059 9691 4267 8203 8247 12 8501 5050 2678
27 8267 6765 9224 9123 3266 7176 1854 6874 4758 2132 9842 4401 228 7532 1358 9122 2309 5617 4686 201 1514 9101 8032 2514 6271 1738 7460
31 8339 8566 7707 6237 4567 2673 8506 5861 431 4292 7466 8907 781 6484 7035 4424 8975 1495 4191 2988 148 7716 9298 3725 4342 2434 651 41 3138 7399 3810
26 8346 1330 2293 6876 9955 3513 3715 6015 6171 2825 387 805 3801 3692 9197 2484 6476 967 1696 3864 4790 5582 2571 3072 1522 4747
30 8407 1191 4751 6117 1178 9462 5188 150 8251 3156 833 5292 3629 6253 1461 3920 6453 9999 9487 1480 5362 7446 1528 7657 4176 948 7807 9422 9697 3531
29 8364 1285 2599 6284 3733 4183 3644 5556 8876 1007 5793 5124 3360 777 5230 254 9387 985 6058 6691 4939 9245 9879 1731 9953 8146 796 2431 9837
28 8372 862 3656 4480 4834 706 9546 1299 3037 7709 2763 2474 8558 3464 920 6226 9040 9647 7314 3342 7451 3655 4908 2626 1939 2789 3080 6479
28 8383 4996 1442 9625 3667 3984 6572 9056 4818 1747 9280 6945 2739 1221 2740 4534 4595 2742 3497 3823 2374 2072 9277 1333 4224 5374 7270 7577
27 8404 8227 2228 9629 4975 141 2624 3565 9110 1069 855 7298 2882 5731 5810 4498 4330 8064 1381 7687 8088 7453 2938 8830 6029 7934 977
29 8502 671 7251 5127 3139 9489 184 8812 5293 9067 3863 8976 6581 1483 2759 5732 7757 3890 6387 5927 3768 4073 9605 8706 3998 8164 8596 7004 6055
28 8394 68 6032 5086 908 91 6393 8783 790 8215 2044 3449 844 1070 8283 2419 4738 424 5431 176 6144 1162 898 3219 6920 7246 4516 6405
29 8472 7042 3373 1659 2138 3479 8741 8005 9889 1158 1168 353 9179 5306 1905 8942 2945 5498 7963 2861 4198 2471 4462 9819 1626 5231 7817 4708 1508
29 8504 5213 6258 6275 8714 4076 4273 5090 5749 6586 741 4430 6665 7258 8489 1416 2708 6617 5385 8016 5335 2366 723 8556 9934 5849 3218 3913 973
26 8315 6785 9251 8327 4933 2154 3647 4641 392 6914 2705 8509 9552 6119 2200 2754 1733 7170 7092 8853 9221 4138 3760 9358 3059 9138
28 8220 3183 2146 1040 7458 6504 6551 7927 9203 360 7059 3303 3054 9196 775 1225 2910 2402 5094 4920 7562 5873 4993 5812 7106 3589 3918 3143
34 8172 3236 1817 493 6610 7060 3 6211 9989 6295 4341 6708 7522 1329 1742 9158 2500 3941 5727 8051 8996 8313 4861 1164 7945 6477 6489 4038 3459 5882 1446 5712 8387 3399
29 8141 4078 3025 8399 69 7295 4123 7158 6036 1064 2061 5904 7928 9651 8038 7557 6837 6180 9624 1720 2362 2277 269 8739 7717 8979 8918 8216 3818
28 8103 4114 3179 3460 3064 1558 4082 1131 4472 9006 3078 5694 7247 9008 5479 6649 6734 9171 5788 9399 6239 5686 3239 4580 6755 6217 3555 6422
29 8099 2368 1365 3385 9669 5313 9831 6267 901 5403 1435 9664 3456 6508 8601 3886 6807 2047 2602 7640 6372 4102 9849 809 8695 172 9869 7362 2494
14 8097 2672 2351 2855 6155 6563 5783 3205 2613 3185 6276 8917 7355 6612
29 8184 445 5903 4870 2756 2746 8012 6522 4145 1304 5222 9412 7554 2014 1170 3786 3512 1 4475 9432 2816 2196 9486 8836 9170 9705 8305 936 3021
26 8246 6640 3044 5826 4697 9909 9533 3724 4579 6651 9372 9414 9796 8707 7103 2598 8 3793 2875 5341 983 1981 677 4998 2249 1921
28 8299 810 1756 8766 132 2266 8036 2415 4178 2426 1034 3771 1885 5346 8190 7808 8643 8822 4225 9472 8838 4721 3015 2448 7789 8619 6647 3708
29 8090 1753 7574 7529 3950 2013 8046 8791 1194 5278 6606 8859 4612 2743 4167 7909 6861 5825 6964 2449 3933 5025 880 2964 9576 2828 4461 5418 6172
30 8078 2636 1312 8073 3659 291 9258 8178 6309 8154 3675 7268 7950 1723 6115 8864 270 7212 7155 7848 9896 122 129 7452 826 2046 8018 7804 8514 1596
30 8057 2583 8481 1278 5456 4314 8500 6359 8793 7038 8013 6918 1002 8231 3321 8901 1819 9047 3319 5773 5931 1945 3053 8763 6797 2505 3207 7801 4339 1635
27 8085 3765 108 7279 5423 4627 5863 1420 6277 2011 1163 5905 6878 2617 7075 2757 6953 1265 9965 765 5221 6141 1119 9765 2371 1212 7368
27 8044 2550 5846 6003 1152 7865 5925 6744 6535 6824 2028 6552 6272 337 4072 2695 762 2026 3252 5626 3294 2284 197 4984 5543 5361 5065
31 8033 4189 2223 1512 7235 3501 961 6815 784 9407 3243 4931 5659 3315 9497 4985 9185 3389 2219 6512 840 9758 3475 4234 146 9620 399 7166 1105 4586 9255
32 7855 9336 9891 6102 8693 4252 320 6389 8517 3777 7330 1564 636 4092 6298 838 7893 6611 5643 1654 2246 8496 5271 7391 4000 9004 1682 6704 8682 2349 212 6627
26 7901 5967 4067 9150 2519 3091 6369 22 7597 391 5083 916 213 3939 6962 801 4359 260 5264 506 5300 4850 2261 641 2444 3554
30 7914 2734 1587 994 9584 5237 5207 7519 2775 8933 2410 8040 3379 6238 71 877 305 8926 2216 5272 7333 657 2605 8474 3081 8994 4840 8792 119 1185
28 7937 2332 7329 5910 5945 393 2331 6559 2039 1872 7243 2153 3368 9256 6841 4033 9426 8827 8947 9000 1902 6316 8648 8533 6181 3652 4585 7502
28 8039 328 7335 6382 5713 3722 308 6361 943 6860 4497 8413 2416 8020 628 9716 1840 4522 6400 6083 9566 7565 293 1454 7810 3719 3106 2217
29 8128 4765 6864 9076 6379 3079 380 7680 7610 4844 8611 7701 4862 4839 8764 8414 1584 705 8869 4285 4029 114 9022 4360 196 2904 3279 4419 7417
27 8183 446 9042 6910 1217 1898 2435 7869 7875 4732 9116 9160 3446 9355 2226 1195 3408 2662 347 469 8202 2896 1800 1361 3083 6269 6202
28 8121 1805 1860 4151 2801 3300 2433 8723 3835 8008 1436 3893 8279 5752 9424 6758 3419 9641 5338 6608 1912 8940 9069 4228 6377 4268 3334 4361
29 7995 957 8657 3519 5171 7637 7944 9182 9436 400 4489 7830 3695 7882 8982 3359 6039 9920 342 1605 4075 2025 5337 8241 2834 1255 3872 5473 2451
28 7883 1387 6888 5247 780 5210 4730 8920 3544 1680 4941 1206 5417 6337 5606 3657 3567 9998 6555 6126 4427 7895 7998 3098 8110 5787 1027 8887
31 7851 3190 2785 6754 6459 1025 7952 8320 4969 3192 9220 5142 7484 6648 8605 7809 7099 6540 4240 7438 3594 8997 3915 3617 3538 9539 808 7618 3173 5002 4131
29 7849 3827 5608 8134 4279 6516 9147 173 9425 1081 5413 4383 6510 2811 522 234 1736 4118 5980 5103 562 346 2117 9301 9034 6921 937 4923 8351
28 7833 3775 8356 9884 6278 7286 7201 9107 9314 615 199 8335 1962 989 4855 6432 4610 100 8525 7255 3624 9176 8542 509 5926 7174 1954 8629
27 7782 2805 1942 6151 5115 2048 3186 7061 311 437 1431 6210 7072 4098 6433 5827 4555 6725 1591 1901 2773 2588 692 7677 3161 6264 3952
32 7678 3511 6062 8118 5109 5400 8697 4495 8958 9848 4457 620 9815 1825 8722 4813 8031 6078 1117 5236 2131 6875 9656 7145 4651 312 3351 730 390 4354 3529 4644
33 7427 1959 688 7395 26 3306 9520 7086 1009 2574 6186 7765 5584 7377 7838 3584 1721 1142 3674 999 8034 3754 875 8930 2102 4848 113 5996 8712 9064 8978 9330 7063
29 7662 5503 5965 9811 2358 5052 3871 1836 5277 9035 1402 394 5993 3026 4434 6621 8587 1565 3690 5625 8071 267 5155 814 8343 6447 3008 8879 5453
30 7674 3060 816 336 4535 229 6242 9356 7896 2797 1839 3481 972 2178 5438 8124 5648 1781 755 7350 4879 6803 797 2190 5305 1995 616 7214 9847 85
28 7735 1247 9797 3268 721 4788 5916 2950 6162 1883 1643 3563 8345 4578 6706 9066 9709 2592 2696 3924 9610 7073 4959 9112 9828 3958 2668 694
31 7760 7222 34 7481 5182 158 1243 7227 4117 3785 5514 7400 600 3061 5786 3287 6714 4557 7079 4405 8524 6071 8014 3257 2884 9557 5711 3148 3970 4965 4659
27 7828 4543 2524 6620 1715 4323 209 5512 5355 9420 5192 2857 3284 7242 3028 4814 2488 7398 8301 5328 4036 5599 6222 2088 8225 4712 1289
25 7822 1339 3682 9273 5066 9540 9184 8486 4665 5291 3246 4925 210 6438 6768 4305 4806 6733 7461 6248 9208 9463 2814 5991 4331
29 7653 3123 846 2813 2472 462 3881 3001 4487 3802 878 3434 4658 1952 6772 367 8242 7248 9156 9985 1748 7940 9333 3994 1877 4666 6159 2807 6865
25 7781 6796 350 2535 6464 6710 2247 8904 7336 7645 3834 6486 9411 1456 1351 3222 8800 9638 2160 3752 1958 3451 4793 6732 7899
28 7794 182 9378 3671 4093 7878 3803 4630 6567 6263 6224 5289 9434 4748 9359 2193 2485 8082 6307 488 2377 783 2376 8736 127 8105 5635 9700
28 7643 2847 256 7699 2633 1276 2591 9461 5510 4888 9812 1908 527 3011 2560 9326 3458 8029 6759 4159 151 5753 9193 8555 1762 3120 2879 7756
15 7633 2803 8969 5153 1024 3380 3332 9238 177 2233 7024 7091 2924 8813 1796
29 7639 6265 7191 5968 7723 2057 4298 9310 5434 6233 8067 2370 2878 3700 9877 9214 471 6120 5139 3365 707 5710 9508 2197 2422 6360 9991 561 3570
31 7642 280 2954 5134 3150 2166 2359 851 4315 9327 1423 9529 2913 2790 2165 3514 3344 1511 8310 3327 1619 3999 9357 5995 6909 3141 79 6988 6883 6061 9941
26 7613 2874 7976 8701 1412 6057 5862 9274 4047 8832 2389 3923 7276 7681 4164 444 4023 3761 4772 5518 4468 4927 2170 3074 1268 7688
26 7609 476 271 968 4716 9825 6866 2679 3865 2509 5480 5290 8482 8149 48 9098 7273 1741 1006 658 7904 6465 4510 3196 9452 6246
30 7584 3104 3911 1148 4046 593 2569 6099 1258 4938 4272 6856 3431 310 2121 2903 1171 4335 5056 9626 19 4626 5145 8104 6769 3208 8516 467 5698 7947
29 7606 3681 3333 2195 7144 2058 3335 3520 5168 4396 2078 4127 5137 3879 5962 5972 4421 2462 386 7425 1379 8580 160 9450 5665 7542 6303 1533 2791
28 7576 1813 8543 3462 1562 4903 7513 36 3130 7190 8153 7009 2465 376 8630 5646 3047 303 7476 4894 5871 4283 5316 5017 2731 3697 5915 9558
31 7426 3632 5889 1139 4415 5724 3318 402 4478 980 1132 7761 7387 8189 2859 5664 2342 5652 8028 4654 4786 9341 8998 7224 2597 7583 7705 5032 9383 6680 2630
28 7511 5069 6092 6177 6580 3741 888 3304 4726 8222 5428 3390 3889 361 1613 7628 3549 438 7780 4528 542 316 1686 1518 1943 8916 9555 7341
29 7545 3899 6250 4400 309 7870 5506 1603 6795 5429 3670 6693 6882 4583 557 700 14 3204 2839 8608 853 3966 6158 5765 3510 8559 3979 2985 8816
29 7566 6729 6416 1745 5680 443 236 3619 4454 7097 886 7531 9187 9081 2220 8990 3928 285 7832 8161 2543 8738 4409 7019 8708 3779 6442 3472 5987
27 7539 9131 460 6000 2053 3040 3558 8316 2243 4443 5828 7860 1249 2185 1567 255 3088 3945 9234 5888 1628 441 2269 6972 1891 6639 2681
25 8440 5564 6402 434 3275 8532 4483 7503 2760 545 7941 1870 7112 5443 5622 5001 8626 9009 7469 4209 3426 5527 8895 4832 2623
31 8468 2649 3476 4186 4192 8293 8913 9892 9781 1532 5366 4857 9993 5766 345 2551 6742 2315 6946 3737 7095 6031 6391 6579 732 2104 253 501 9152 5562 7215
32 7418 3423 1824 152 2330 5462 2141 2912 9456 2738 5570 1039 8147 3194 8507 5854 643 8780 3073 6884 4752 8459 4269 2461 9631 8685 1812 5937 9987 4643 224 5921
29 7324 766 3643 5566 3391 2677 4069 4251 6944 4864 8628 4153 4906 4132 6544 9453 3370 9427 4143 591 748 2356 8632 9032 7970 8750 578 3285 1154
31 7382 7708 6890 2570 4622 4018 5883 9055 6409 4527 1516 7345 1618 9370 918 4669 1616 1161 4493 1656 9429 6558 8600 3673 5558 5342 3909 9423 4353 6952 9204
31 7320 3491 2517 227 3201 8053 3716 5058 1322 1411 3654 3989 7122 300 1698 603 3983 1439 2432 1240 8444 4846 6934 6855 8716 8174 2627 617 5736 7315 9577
29 7318 4066 4259 6928 676 5990 8865 1932 8460 7664 8862 1557 8931 1147 6208 2581 9276 354 6695 9401 3809 5607 6370 9623 6659 4381 5685 2456 6413
27 7256 1377 8952 1100 1267 8421 606 3420 9451 6872 9917 1589 909 568 7172 5755 8269 2827 3115 1687 5217 9686 6490 7843 4791 4111 8465
27 7313 698 598 2841 5525 4486 4083 1098 3166 9964 8035 406 9060 9823 4106 5419 5043 9846 9137 118 9374 2883 5864 5747 9438 7841 233
27 7277 3209 4773 7742 8439 1760 4828 3882 1620 4679 8573 8844 8278 7962 7385 5447 9653 8300 8086 6070 6342 2483 1594 5633 951 7165 9346
31 7297 7380 1049 6922 949 2298 2238 7316 3254 9548 4281 997 2463 1873 6895 7556 9119 2653 7881 1578 2473 4778 7547 9649 9680 1718 4367 9476 6798 7903 711
29 7245 2496 5475 288 2323 1236 6676 6793 4174 5314 3986 1880 5198 2428 4351 9598 9209 2411 3728 5444 3189 3223 1633 9020 3936 5491 2075 3444 6207
29 7148 1641 4338 7689 8717 9268 1681 7572 1238 2674 6550 1676 715 2066 2404 3441 3897 9683 7217 4787 5923 5866 9379 9198 6782 4490 860 6496 6173
32 7138 3756 3119 191 9019 6445 4084 9027 703 6902 6979 4055 6188 9089 7785 6368 1467 914 2300 3409 2972 1224 923 8457 5620 1646 5225 9082 6654 587 6320 2296
25 7175 4481 8833 7667 5796 883 2489 356 3144 9012 2355 799 7265 9483 8720 7879 4711 5203 1455 8622 8197 3796 1270 6587 4915
29 7229 750 6294 5129 5151 1795 3443 8572 4003 5028 7863 6310 4081 5015 3401 4845 9469 6050 2029 4441 1065 8676 1153 1479 6717 2572 4590 8548 2783
28 7205 9820 9685 3259 5318 6221 9880 252 5704 1708 2397 1490 4723 7044 8175 7733 7143 2460 1940 3749 8229 8451 9881 6325 3959 7631 5877 6730
30 7179 6245 6623 1863 3557 571 4887 9223 107 4889 409 8877 4504 4689 1056 8436 9876 1272 5484 8171 9530 3900 1072 3712 1714 4291 3962 950 5410 2980
25 7186 4754 7752 1250 2085 73 6990 9725 4444 8025 8260 2780 189 5426 9893 2453 6394 7372 5004 1586 2796 621 5161 8768 3634
29 7136 3249 4796 5938 9052 5226 4867 4514 2310 4306 5059 5998 6388 7346 9390 9564 4059 4847 5733 6020 4675 9569 1546 7119 192 624 7850 7747 63
13 7132 612 9940 2506 6677 792 4350 8349 9178 5322 3825 3310 8248
31 7080 2993 4433 8781 1499 3164 5901 5323 7379 8687 1427 5597 7068 9300 9279 2424 7053 9077 17 7127 5605 1476 4816 298 2177 2203 8987 3522 6332 6480 519
27 6975 2265 9850 7496 3149 9772 6299 9986 2947 5603 9780 2699 3094 8338 1535 3927 3068 1190 5458 3397 1202 942 3687 8782 9586 1473 9827
29 6956 8366 5077 2042 1737 6005 208 7299 9936 8528 6329 5501 778 7846 1936 7088 7184 633 5573 5495 3089 9775 3200 50 9342 8846 7223 8715 819
28 6950 2765 6214 8143 7985 4001 9494 6205 8914 2961 6256 5279 8956 4423 5718 8373 8757 1955 4928 7269 7892 9348 6887 1728 1937 2345 2493 7907
32 6933 3611 660 3972 7552 4560 8277 4309 4395 8377 3887 3813 3546 2255 3839 7549 5093 1353 86 2364 9587 307 3738 9682 6281 1374 8306 4702 1071 2532 6133 6216
27 6891 6687 1779 2145 8445 979 1689 6312 7105 3330 4028 8604 9233 7130 8713 6396 6336 7826 5807 3862 1328 6040 2862 3355 5609 5021 6625
25 6982 9913 1192 3126 589 8970 2687 5802 6711 3603 4547 9118 639 7763 2327 2660 4604 776 7263 6858 2065 9788 7726 7861 3071
28 7006 3471 7744 4784 15 2622 6286 2470 7468 1011 5964 9007 7157 6757 3896 5539 8702 9345 549 4781 7827 7902 9637 121 2385 7553 3422 7272
25 7047 687 7894 1465 1257 5619 7866 8641 1545 2030 2935 7989 4713 2970 8908 4780 7225 9294 9519 5715 1857 1181 3663 4866 2994
29 6897 9202 6463 1560 605 3783 9406 3195 3770 1555 6268 9720 3846 1261 984 9794 64 8186 774 8662 3787 1699 8179 6293 9633 1263 8374 7996 7492
27 7337 5721 6150 2168 1076 8285 6752 2728 4263 3398 9979 9216 1929 8675 5758 9169 5003 7093 3466 5563 1274 9948 4407 8981 368 9349 4690
30 6885 3384 8205 128 9219 3845 1133 9622 2322 5502 2230 9908 8821 2004 5581 733 7912 6343 4499 4142 1534 6636 4505 5359 7396 4384 1916 8240 6843 6632
28 6845 1492 5973 6748 2126 2018 5784 7317 4577 2547 2610 924 4288 1413 1918 613 2270 9701 1970 7685 4445 2437 4705 44 6203 2119 3633 9556
29 6812 3247 8870 6699 3295 4181 1592 8649 4588 8150 8677 2020 683 8883 2869 4538 1341 646 8674 2023 7198 29 6355 8818 4416 6532 2189 8640 9768
29 6808 3076 9200 130 1855 738 2770 4589 5012 203 3892 644 1934 3251 8915 7493 1173 4496 507 3880 3000 3358 1061 6688 7463 1015 3474 3530 7348
32 6781 3240 746 4390 2005 9073 2966 375 6280 8365 9186 2511 1986 9862 2923 428 6026 2508 4970 649 8233 9473 807 3597 5250 5589 37 2211 5678 7921 4635 8696
30 6980 9635 3921 3763 837 7488 117 4044 9270 5297 4873 4835 7388 3944 3753 131 8196 5841 1649 6984 9938 7862 8252 3135 7644 7770 5548 4257 2620 2565
26 8207 8977 9408 6681 813 3281 5760 2989 5311 1460 6719 8148 8688 8087 3184 9516 4203 8359 9167 7228 3111 3041 7900 8774 4063 8694
27 8406 2418 8872 6718 8726 1342 7163 1679 2931 3110 359 8512 7739 2464 2125 3799 8758 3125 7041 4208 4242 4270 3943 6637 6161 5029 3767
26 8835 479 8613 2873 1547 5742 1519 5509 3055 6098 7589 2413 9252 418 2445 8804 8973 4972 6118 3523 1129 9074 6783 2516 5042 75
25 9243 7871 2459 7177 555 8442 484 2707 2909 7811 292 7005 8761 2326 4843 440 2726 3445 1384 2199 8802 1279 2105 5216 9527
28 6791 551 6635 3518 2144 2279 4282 9324 2183 3286 9051 5579 9824 2671 4340 2292 7510 5636 6549 7686 217 5445 6077 5261 9778 2306 2594 537
30 6669 1048 9868 5511 3264 3992 3836 8176 3486 2207 893 2120 5080 58 5767 2237 5737 222 7353 9266 7403 4007 1814 6679 640 5725 5586 5667 825 1648
31 6638 6720 8850 3919 8261 3898 9097 2391 9183 8322 8493 2522 2122 9466 6701 5152 3684 112 8519 6110 1087 1334 1041 4324 7520 4042 1227 3653 8092 5227 7641
26 6668 7984 3312 4917 9708 4221 1888 3215 3545 8159 8665 5840 1401 3888 6220 3650 1156 8491 976 2641 317 6593 1470 2544 9296 2611
28 6613 3145 3665 2069 1275 2752 9773 5435 6446 9240 4264 5856 9545 2033 8109 4414 3837 595 8304 8048 6196 1372 9523 9353 65 5928 4685 2659
27 6599 4805 4951 1862 9836 3238 8711 630 9380 5369 4792 8253 3134 8842 6502 7558 381 5463 2515 155 885 6774 5629 6415 3668 4540 9914
30 6603 7494 4214 1325 304 6779 2129 9133 4880 9885 6666 4460 4284 6728 6375 9673 3576 7129 1625 6685 154 9840 2655 1311 8554 6929 7089 4512 9431 3232
31 6570 3636 3171 2777 5483 4195 8108 8564 3203 9531 6715 560 258 2686 1146 2837 3599 1537 6249 72 742 3736 7193 8428 8576 4584 2094 2959 4674 6974 2084
27 6507 3187 1691 7011 1675 7367 8937 2642 7296 8874 4652 2100 881 8659 5024 8094 9923 3437 9630 5205 8671 6193 7211 6047 9945 7714 2990
30 6440 4182 3628 4994 7253 2253 3292 5706 6007 7561 6163 7784 7942 5249 2017 3382 1552 7888 4244 6938 1084 5165 9369 9657 3948 77 3057 2099 4875 592
31 6428 4172 3353 1999 5049 8919 9806 3323 1985 8681 6859 743 1810 2595 9500 8857 2606 4986 947 6492 3085 3473 5853 1432 2503 3066 634 4532 8236 6149 98
29 6430 4474 450 2003 4910 6912 2748 9457 2843 7062 7328 584 331 6829 539 4317 6048 3740 6315 4860 2974 7821 4558 2856 1878 6828 6008 3062 5392
29 6392 2864 6461 747 7161 5654 8281 4048 9339 5023 8808 2948 5894 2657 1409 6644 9103 2899 8199 6140 5623 2934 8852 6569 105 3993 9916 3381 7722
30 6424 2830 666 5771 6046 5895 5181 8575 8381 5587 5159 1370 9921 5169 4410 5135 8578 3499 1858 6739 9730 6247 8021 8382 6702 8522 6901 2716 2786 3006
30 6423 2772 1539 5653 2469 2352 7607 2762 8292 465 1749 3507 4696 7321 7146 2872 1047 650 3007 9226 9493 2438 8010 9977 6431 2866 4762 1678 6142 9932
24 6340 3235 2557 8906 8765 2295 3573 4745 9338 8289 4124 4266 954 6996 9609 5409 6376 9776 5468 6987 458 5437 2109 3214
31 6261 4049 701 5195 8120 3009 7728 7028 8423 8458 8988 9689 8552 1102 664 713 1832 2727 2113 9867 5078 6525 9146 5792 4039 4571 2703 8959 3826 5204 9478
31 6190 3128 3260 7516 6283 3536 289 8634 9571 3427 3341 3340 2068 3606 5442 9490 729 8871 8221 7975 772 5891 6880 3593 8388 7440 6832 9912 2999 3956 3808
30 6198 4065 2163 7720 5886 3746 5585 1042 745 8264 4413 6800 4544 6763 8426 2615 4332 5076 6334 5672 7634 6401 9259 9364 2294 4369 6784 1022 9018 8753
28 6197 2086 7402 3679 5263 5658 8250 9565 6538 4190 1207 2725 3020 3926 9672 2741 5627 9553 1941 4086 5047 364 8456 9978 6818 47 5789 9163
30 6330 993 9441 1909 3907 6481 704 939 5639 3388 5382 4657 7443 7104 2939 1054 6106 4010 7208 6064 4491 6913 2074 4326 3527 6660 8658 5970 3857 1911
27 6257 188 5696 3680 1677 7872 3234 7876 9029 2495 7150 9902 3180 3605 9297 9551 3539 2650 6896 6834 137 5184 4631 7413 852 9410 5823
30 6488 4944 8130 2747 6966 9485 6274 4229 6705 1867 5106 6025 6129 1853 7238 4727 2568 1033 6967 5754 1324 4971 6420 2282 3157 5870 6762 5591 2956 9154
27 6543 6778 2736 9790 2221 3019 7278 7916 2320 3506 1166 5689 8446 1498 2077 8370 4070 6054 1561 1478 6903 2987 2885 1428 9573 1946 470
28 6557 9791 9755 1421 4227 7016 964 8000 3320 521 1920 3974 5379 2251 2034 5640 8198 3550 5979 4308 7905 1017 2962 5805 4352 9731 7806 3595
28 6229 2378 1437 667 8234 6766 2920 0 3821 7629 4163 7352 8144 237 2645 6670 3102 5688 2022 6333 8091 9722 459 7524 7738 2881 1739 4871
29 6227 8170 5377 1398 7603 238 6826 7441 7748 4247 2083 8668 6707 6814 1321 7948 3616 2043 8336 508 1273 3509 4449 3841 1815 4479 3345 4254 411
32 6130 3709 2795 5156 3953 4152 515 456 8553 2318 2654 9952 2076 4930 5048 3477 4477 635 263 6877 7023 9783 2458 8809 2317 4426 4783 1378 1705 2291 845 5666
29 6096 3815 1734 9632 9621 3757 8991 8201 4642 2477 1193 5384 8213 2502 9655 5427 1719 2949 9674 2227 3414 935 8030 5140 4222 5275 3816 2556 7936
29 6056 4107 9037 1051 4718 899 3103 5772 5401 1259 7407 6674 1144 9694 2845 4109 9513 5154 9929 9386 9684 3221 821 2751 1287 1881 9904 9580 6164
33 6042 3363 2198 6578 7979 8438 6313 8992 7349 1012 4575 2176 1694 5327 8734 249 1103 3747 8759 7622 9981 6863 6589 2222 4810 5243 4733 218 415 4698 9650 5681 4916
27 5959 3782 8678 7648 7992 791 8968 6470 6553 7703 1290 7423 609 1879 1530 6521 3971 5393 8230 1463 8888 8902 9766 5907 9003 5930 3227
30 5876 4077 4989 8166 3278 5999 5726 5351 760 2179 5763 8652 7766 3975 8752 2730 7310 9264 7570 7632 3967 6259 242 4296 3713 3493 2275 448 9015 3436
27 5798 1060 8586 2430 9322 7691 8463 739 1096 8284 2316 7290 8329 4815 7500 5150 9144 4770 4253 206 5709 2115 6577 9320 2441 4502 7774
28 5919 3155 6683 417 8324 1239 8594 8454 7880 5071 4062 7108 9222 6915 5716 604 2110 1624 3077 945 4620 7619 4741 4020 4412 2915 1503 2480
26 5835 3590 1831 7475 1520 1390 81 1151 4185 4785 5983 1023 9739 7682 3137 9140 8396 3244 6894 7530 1669 4061 9001 4600 6960 5320
28 5832 2711 910 3324 906 5436 9537 4137 5875 6547 8680 6847 8089 8350 5259 7702 9283 583 8921 1234 1982 876 374 3938 6012 4940 8683 5208
30 6021 4766 7358 3694 2578 2218 2301 5850 74 5523 9771 7939 322 2724 7696 9024 758 7676 2133 2272 7646 1157 8951 2784 7052 344 1115 321 1484 7471
30 6152 1186 3099 8699 4636 1198 7338 689 987 7614 6191 6434 4376 198 5072 7515 4492 5399 244 1400 5929 959 6592 9433 6534 8081 9927 5844 7533 6491
27 6770 9951 2384 7575 3537 3326 8518 4388 1226 2808 6849 8435 2967 8135 8200 2231 7433 6381 7548 8136 7987 1930 9143 9293 9388 2936 9600
30 5955 3361 1976 2479 7249 6816 6244 5163 9267 8466 3191 4428 1091 831 5477 7778 6104 5038 6505 2490 8570 5992 5785 3996 5702 3547 7741 9094 9109 9604
29 5801 5149 3316 9702 8162 7679 466 6218 8993 9818 3494 8861 3812 2666 8550 9312 7221 5899 4868 6900 1008 5363 3023 7048 181 7930 3349 7322 3048
28 5837 5197 2858 1059 5308 1441 9235 9808 7651 2373 3817 1933 3807 5075 4277 5775 2312 5631 6528 4854 1513 897 5381 5660 7478 7772 1791 9784
29 5777 1577 330 6482 4219 7416 7147 232 771 8645 5838 5687 8889 8769 8185 1452 245 5746 9262 3276 3255 279 7819 1019 9201 9025 1655 1313 5273
29 5645 726 5740 8875 1597 7436 8924 5010 6562 2689 1852 8191 3635 6137 9959 6362 8867 884 1652 9946 6004 8806 6290 1183 5158 7518 5734 282 202
28 5703 482 8983 5751 6790 1293 2644 5223 7693 4638 9127 301 3416 9135 8137 5104 2387 4893 3371 9396 9578 3338 3070 1874 6356 5092 9188 3082
29 5673 6497 8565 5349 3291 1016 163 7538 800 5843 1683 6590 4316 6429 32 5947 2527 1088 5628 490 6087 3789 5172 7967 4297 5276 1323 9995 4576
30 5634 2758 1187 286 8934 5516 1961 4942 7467 87 1980 7816 2852 3317 1135 8362 8860 3535 7181 7141 9199 6297 2002 4729 4979 856 8244 9748 4256 3375
29 5604 3210 7183 1700 7790 7149 4394 4194 3908 3402 822 1405 4919 9217 4637 958 6204 8900 2259 4663 4041 7389 6209 1347 6136 575 5845 518 4539
30 5588 3288 553 6655 7890 1644 8266 8050 3556 9949 1028 257 3228 1915 1097 1829 4128 7171 3129 5174 9465 8868 1438 3613 4155 3930 806 9723 5365 4184
31 5500 1271 915 6474 629 7185 572 1944 290 1526 1889 8448 6809 3568 6624 9050 8972 7932 6045 3638 4670 6468 5684 7567 932 6076 6709 378 4548 3580 3116
29 5482 3452 7695 8733 879 397 8727 2536 8848 2892 111 6225 1214 2877 3502 6006 5485 505 1903 9195 4233 8430 8905 1841 8749 3457 5375 6663 9895
30 5465 5336 5209 1590 5855 4156 1612 185 1541 7483 1118 4822 4032 1948 1418 7012 3978 9734 2087 7003 6469 6023 7434 9859 3910 7457 7617 3328 1150 4605
26 5535 8710 4957 5460 5478 662 1127 2281 4647 4720 7990 7077 2981 2015 3574 3193 2173 7624 3097 6805 1110 1031 1538 547 1638 4037
25 5552 5492 1818 7230 8584 8798 674 8238 1215 5847 7612 7586 7196 4509 3329 2997 8397 7137 9536 3706 1305 3734 5372 3403 4171
31 5524 8152 5476 6756 2701 8375 3997 106 2142 1759 7419 9526 8347 7877 8332 5994 3463 6223 1950 2684 1252 6870 4245 2210 8393 7342 5936 9244 8574 2804 419
32 5455 3592 1826 4057 5865 9559 4144 6868 6341 7960 5406 1767 7815 4130 1172 109 8142 6904 6530 7514 3253 3031 5061 7971 9114 3699 4150 5459 3607 5859 5717 9802
29 5371 3832 405 3575 9039 6844 2096 3934 1895 9308 9173 1630 709 2082 1137 6594 8226 3884 8291 3973 9319 1155 7933 3447 818 7164 4954 3305 9192
27 5266 3704 457 6231 9416 6125 7361 7675 1120 2799 9703 92 6406 6228 3662 1376 1910 1201 1332 5576 6541 754 7094 1634 8037 2016 2149
28 5370 626 1113 4217 7232 4104 4621 2403 1307 2055 4774 7958 6010 6457 895 5546 101 9671 8367 9897 1026 9206 8789 149 9805 8077 2380 6065
29 5354 570 554 1407 7798 2212 4030 33 6419 8004 204 5412 2826 9833 7792 5006 5356 3805 2929 761 8656 6081 622 1583 2618 427 3840 2213 6537
26 5262 49 8547 3696 7621 6658 2136 266 2097 7672 5830 4045 512 5695 2889 3820 2886 7550 6108 5575 8777 7280 8731 6722 9403 1637
32 5260 3875 3039 1788 3833 7611 8049 9397 1588 8417 2771 3430 5045 4431 2050 6976 5108 4371 3495 7378 8614 180 3142 8825 162 2529 857 6916 990 5960 7805 1651
26 4980 5756 4068 1600 3412 473 7393 8042 4334 4293 8455 8639 8341 4080 830 5331 4056 348 2073 1501 8510 4961 9542 24 3769 3504
29 5254 3482 5310 4629 1794 7359 9491 3176 6531 8214 7432 1176 2576 7058 5373 5594 461 4812 1075 2932 3032 9306 10 4681 4459 4811 3931 1399 7911
28 5233 9417 8297 6363 8063 4408 971 1917 9954 1089 83 4212 3849 4617 8882 2466 3231 8156 7067 7057 5735 7659 8045 787 6169 8928 2809 7456
27 5325 9957 1021 4006 6348 1282 4387 8182 3313 5329 6178 4601 6873 8610 514 3293 500 7573 3140 5961 6517 9903 737 2523 4058 2561 5486
27 5160 4632 5942 4 4587 1203 7768 2158 4831 5547 8047 5834 710 6591 998 494 2663 7635 463 9639 9305 2865 5728 9579 3024 869 8311
29 5062 2713 6600 2 432 6869 221 2838 4734 5969 5879 8369 8967 2998 2984 153 7795 5287 6443 3976 6373 6066 2340 4746 2510 3168 5432 946 5033
14 5057 1965 773 5952 8027 9428 1740 9864 9648 4385 9737 5951 1182 2314
29 5046 1938 7787 9522 2963 5244 1283 8834 3651 5748 7671 7257 2897 6601 1771 5956 6905 8537 763 7874 4744 6101 6799 9924 8002 3601 7938 6598 5211
30 5014 2209 1038 8434 7309 8625 1505 4005 1639 3625 200 2646 6574 868 8824 3798 1661 7859 3525 3004 1058 1357 6917 9572 7711 573 3289 9866 4097 2288
29 5030 7918 5914 1417 338 6500 9585 4692 1777 7304 569 8437 5118 339 4633 6846 1927 2111 248 8331 3792 4709 3578 2383 4271 5430 8487 696 5988
28 5147 7096 4088 2399 9899 2401 5125 9762 3018 1020 1092 2891 5770 4511 5330 7844 4113 6009 7292 2118 3600 1949 5872 2991 3859 6673 4956 7559
28 4974 1415 7031 736 5333 5868 5022 1440 7111 1692 2735 6999 3121 7043 1063 4737 7999 2319 1426 28 6122 3980 614 4320 2749 3366 3188 1766
29 5388 4122 6935 3762 5860 5224 2918 8478 3465 9499 5397 9482 7560 7308 1774 5191 6539 8333 9174 3773 5111 8405 3591 9905 8043 1975 2067 4775 7207
27 5467 6200 7929 2614 684 5166 4015 7981 5343 6989 3490 3435 9043 1968 982 4740 6792 179 9142 9541 8157 1318 8363 516 4237 1851 7886
30 5557 2365 5997 8471 9391 93 8581 5301 925 8944 9575 529 412 9381 1664 4934 7437 3046 2344 5602 6568 5364 543 4336 5560 7923 4695 8784 9882 2338
27 5613 8415 2640 8936 8418 1542 9395 8389 2303 3774 9760 9871 8686 8140 4258 2245 1732 6127 495 725 6852 7287 3614 9947 1801 3038 1363
26 5939 7397 4909 6113 6255 4858 5253 3212 8602 7267 1044 6063 1458 815 7673 8495 2665 8380 4563 6560 5173 9863 8060 3468 6179 5107
31 5944 3534 3987 663 4278 7526 4452 1121 5508 7906 933 2276 8371 178 2540 6786 7546 2425 1780 8563 3732 3296 9210 7658 1005 1716 9134 4380 6435 4771 6787
25 6001 9459 1124 5896 9803 3858 1730 6097 1493 9809 2833 9261 1830 1488 3960 3718 3052 7266 3521 9181 6943 6305 8024 9161 5561
29 6154 9361 5553 2965 4573 5912 7054 3745 6675 3850 3515 2148 3199 4199 2369 1606 4054 2333 2045 3485 5421 7444 1953 6273 5391 9894 5780 9860 4275
26 6319 1712 3932 1220 1969 2346 8737 6978 4031 8499 4988 8591 7740 9763 4365 1571 6494 2625 3337 9926 8531 7306 7411 4437 6737 6279
26 6671 5345 7020 4655 7721 4948 1904 5084 7743 452 1960 9464 559 9400 9419 5098 6958 9230 1987 3861 6899 9886 7791 4735 1327 6017
27 7030 9492 1614 7482 6519 6686 2027 7078 871 4856 7824 8721 430 1914 9547 2979 3043 5246 9944 4536 5088 4012 2667 6503 9071 3540 3107
31 7343 2604 8745 7116 2036 4302 2637 6738 468 373 7935 8145 6780 8886 7233 6743 9292 4623 3596 8259 9901 2172 890 6926 8647 859 9698 9767 3957 9607 2103
25 7487 5898 170 9761 6304 8249 2722 5781 3955 8536 7588 278 3250 5187 588 8271 8303 9026 5449 5981 4287 8165 7729 7537 1868
27 7704 4507 9130 5005 1093 7598 1821 6523 9363 4019 6456 1280 5808 1392 6991 6963 4261 1729 7535 4859 9950 8112 1449 882 7837 8268 1627
13 8568 5917 4717 9612 215 35 8328 1725 1693 7472 7195 9072 4402
27 8590 8797 2304 8237 9302 9477 9675 2788 6697 4914 1188 533 6166 4129 4406 241 2271 6788 3564 2159 1859 5019 8770 6002 5280 4014 647
28 5383 7448 9286 1260 970 5446 5315 3158 8689 8623 1000 8892 3543 863 8348 5519 7700 6628 1216 7582 921 3133 8742 5402 7107 3404 764 8805
25 5326 2890 487 3524 3623 7773 9599 9362 8483 5530 4440 9228 4343 669 4750 5651 9269 136 7818 7490 1580 3274 3101 8132 7540
28 5130 2000 4311 4249 3755 3804 5424 6328 6344 8245 3290 5073 9177 3961 5880 5989 1246 9532 3843 9048 8065 5120 6022 6059 8893 6094 9841 4901
30 4967 3153 352 498 1175 7625 4393 8790 9795 8642 525 2260 1244 6174 2546 1598 5590 4094 1845 4991 1394 6131 8863 2089 5286 7868 2718 5256 6947 5644
28 4960 2996 7793 1014 3396 3283 2429 8235 3532 5121 9593 223 8963 4368 7307 4693 8461 4299 1582 3017 7274 2476 351 8058 2567 4197 6240 6135
29 4949 5595 6970 3866 2555 7381 3854 1149 3500 7401 1548 38 334 1972 5122 1453 5924 4836 4742 6571 7 2669 7486 8823 3354 6028 9829 503 9741
25 5097 5324 2205 6407 3405 7022 1340 4017 2280 4064 1262 5027 7013 1050 5340 9083 8704 7140 6548 3729 9517 7435 8402 6546 5517
27 4935 2442 5632 1462 6566 8577 3784 6690 4375 6206 8384 4598 7033 1057 8837 538 1291 7506 2486 9468 3947 4366 3717 8776 2481 1367 6588
30 4904 2607 8903 5881 4777 8615 1787 8093 9975 9853 2558 4201 1754 5441 3806 6741 802 1169 7578 2596 9746 7913 1827 5180 2778 2257 6495 8228 870 1864
29 4891 3922 1925 5583 7421 9120 4053 675 8873 9798 550 9835 5533 1003 7509 3963 8288 2407 5750 97 8181 8280 6254 3995 5538 6833 1385 6626 8932
27 4467 4115 6597 1751 1772 2394 2531 8541 7462 9793 9855 5162 2056 475 9668 1611 524 8817 2347 3309 7512 1790 7746 5593 3030 7854 4300
30 4398 1574 6931 4808 2971 9139 1913 9504 9439 1354 7450 7776 7873 510 3981 382 5299 2798 9717 1502 5708 3282 668 8411 5234 4450 7192 8416 7885 2388
30 4801 1125 5528 3560 2860 5251 62 7605 5390 3069 1861 6585 225 5839 9588 1469 3895 4645 9528 7479 4731 1200 3739 7600 2454 6761 891 6881 4881 1793
28 4804 2648 8432 8503 9385 3764 9874 1487 8897 841 2552 3280 5701 7459 1029 7853 1876 7218 4085 8379 1296 6080 6981 1237 9041 2008 8470 6441
27 4830 558 5041 6871 3442 9721 8410 7751 2064 1609 1104 4344 2589 7344 5095 9295 3378 4837 9088 4216 770 1112 889 6533 4518 5513 9958
29 4852 3496 5934 1926 357 4553 5433 9415 4500 59 3548 9303 6399 9931 8168 645 8480 1806 3394 6514 8881 2566 6751 7289 3988 7951 2059 7568 7264
30 4768 2766 9075 4239 1197 2101 7347 4874 6740 219 1688 9332 9250 2534 8254 4139 618 5464 7064 5977 3217 7497 8342 6139 4593 7604 6041 8011 9544 7917
30 4764 1566 8492 1037 2037 5117 9241 4673 4809 2917 4900 9634 2629 2052 564 1352 8223 2951 3113 3162 3566 2880 7182 7101 3352 9285 7731 4699 7422 4188
29 4611 3265 654 6879 9933 5612 2236 9467 4724 5183 7670 8760 4519 6449 239 8015 6450 6134 3891 759 5194 8361 8287 7857 4884 1543 1288 9968 8314
27 4753 3991 502 422 768 8831 5376 8211 5238 8562 1371 4218 1706 6380 5741 5060 7783 4725 1755 7017 9061 8606 1947 6052 6184 6157 6121
29 4523 3860 3772 5112 9751 6016 7375 8488 8398 4542 1724 5281 4599 3828 5202 7200 5037 3376 8684 3245 9105 9744 3977 7754 2926 5559 2273 6942 2254
29 4473 1893 2693 9606 1429 6657 2868 6212 5105 2175 4958 753 2184 6646 7114 3677 7081 6487 7762 5697 2958 4013 8075 3424 8515 2712 2925 7718 5723
29 4574 8400 2252 9515 8966 8368 2782 9943 9289 6472 5036 1585 5869 782 4157 1382 8960 887 2690 9676 3751 2787 8923 9377 1254 1629 6189 8631 5193
27 4760 3181 4327 7442 5020 7408 43 383 7390 5350 9677 3124 3759 5220 7102 5730 7813 3248 6349 9313 3022 661 6324 5466 556 5178 5690
30 4661 3169 1983 5128 9129 8884 2258 4377 9044 7835 9839 3127 4749 1507 9430 1383 5248 4541 8984 5087 8467 1529 4362 7972 6366 6153 6397 1991 9724 4678
29 4616 1062 8949 3744 682 9315 2853 5439 6084 995 4168 1988 2520 1761 6147 3470 6977 324 7133 246 2455 3990 1086 7505 7477 1486 3664 836 1778
28 4581 5555 5472 6073 504 7065 3830 1797 7847 5096 7596 7620 5820 1052 4756 7889 6760 483 8452 767 9036 8433 5819 7730 3311 4556 2587 7326
28 4634 8740 874 8282 1123 5360 6395 3480 1897 974 4140 9728 7404 2675 1838 5214 3013 1213 1823 1992 9843 284 5657 9253 1509 6074 2901 8392
28 4759 8971 7922 4455 4739 216 6994 530 9317 4898 4533 8616 7118 2010 214 2224 414 912 7495 1159 5892 4968 7220 9124 1266 6068 4135 8096
28 4469 1130 9646 6925 9033 8549 7327 975 3429 5568 3794 3298 4667 3095 231 1496 4656 2307 6232 1850 4508 9013 7799 2559 5110 7261 9786 4977
29 4466 2417 90 4170 477 2815 8663 9665 8022 9854 9919 4100 986 6749 7431 7069 7750 5614 6853 8403 5469 9715 8811 6086 5985 205 5257 5836 8909
30 4322 2414 474 9166 5815 7650 8526 4116 794 4193 4929 5906 8294 5200 861 5804 4676 3814 756 7027 7283 4464 579 9652 695 5009 3014 396 6542 6596
27 4246 4660 2140 3455 785 4703 4672 670 168 7284 2412 865 5782 3942 5971 8599 1931 8208 2035 8357 2443 3084 235 2779 9113 120 3870
28 4260 523 4091 540 5416 3346 3297 4465 9870 5490 3553 6367 3010 8807 5943 379 4946 1702 9237 1569 5544 6467 3154 5521 8845 5471 6235 2661
27 4303 5545 9785 9454 1515 2439 80 2542 6357 6672 8801 5451 7623 8560 4902 6403 5957 6839 1510 9574 9603 6661 7601 2844 5650 8187 6806
28 4494 7015 928 9384 4639 5303 7202 1301 9976 4582 5611 7663 1856 4312 9852 6302 2702 4016 2733 6662 8635 7977 2063 4688 5215 5618 9873 7162
30 4501 4797 1140 7969 3177 5229 8006 5759 2983 4289 2802 7706 5811 1489 8334 4851 369 5394 1645 4924 6035 4206 4569 18 3848 2264 4346 8353 7655 1199
27 4662 281 850 1758 1055 541 9393 2846 313 9857 5282 4074 917 6930 2697 8420 7262 3916 8069 8101 5085 7647 4682 8891 7474 8307 6575
29 4671 9460 6093 2305 2353 5051 5368 679 8263 4446 7131 2647 6085 6024 4761 4883 2341 8155 7684 8098 7599 1922 8408 5776 3450 5813 1295 3868 9481
30 4349 8654 4803 9175 5258 3118 6411 2908 2562 7812 4374 8939 9792 1145 4177 1887 8847 744 4357 5164 6034 1251 5824 1447 1685 3842 4517 491 5481 5269
28 4397 3258 3339 817 952 919 590 7541 5757 5976 332 4565 2900 1744 2114 4819 8321 9922 7083 2688 7302 9550 25 5294 1316 2907 4962 447
28 4447 9756 16 1890 4817 1804 8673 8076 7046 9690 6893 1389 2092 1847 4120 4112 3869 6965 4439 5743 5452 4613 8192 2095 426 340 7593 5044
26 4922 9743 4802 3417 9915 3033 5218 7142 2955 3797 6145 4992 6398 4328 7994 1450 7964 9271 4173 6602 7074 566 1820 5507 7194 7260
