14 296 159 225 200 188 244 268 191 140 124 115 30 69 257
12 275 162 150 245 28 295 163 101 181 12 252 293
12 249 220 38 39 14 258 10 266 215 206 189 130
2 216 299
1 246
11 259 105 113 172 26 177 235 238 155 256 49
12 286 15 213 128 222 27 190 291 223 145 97 52
11 294 218 261 53 204 61 76 112 104 240 2
11 212 92 19 29 202 73 138 78 154 37 132
13 184 161 144 226 40 271 237 201 106 66 120 123 274
12 180 62 107 224 239 89 70 205 264 17 1 173
2 168 7
12 167 4 137 44 282 3 269 81 219 176 233 211
13 164 13 187 129 214 254 209 147 5 292 262 135 183
12 116 127 63 277 64 207 23 118 51 152 229 77
13 0 148 273 267 96 68 298 90 287 265 231 178 175
11 108 203 56 21 284 11 48 45 196 297 84
2 99 24
12 110 136 171 232 121 117 25 255 242 126 143 165
13 87 133 74 198 281 185 109 93 35 280 251 272 247
13 85 260 285 166 146 86 6 16 250 192 228 94 149
10 72 58 57 174 111 197 83 289 47 9
13 75 290 79 102 157 236 22 283 31 182 288 194 169
11 80 193 125 230 50 253 195 131 248 59 208
3 103 95 263
12 88 276 60 32 82 158 160 119 55 71 270 278
11 54 210 18 91 217 243 114 98 141 186 153
13 41 134 227 156 241 122 170 42 20 67 279 46 151
2 34 8
0
0
0
0
0
0
0
0
0
0
0
0
0
0
0
0
0
0
0
0
0
0
0
0
0
0
0
0
0
0
0
0
0
0
0
0
0
0
0
0
0
0
0
0
0
0
0
0
0
0
0
0
0
0
0
0
0
0
0
0
0
0
0
0
0
0
0
0
0
0
0
