50 9960 1271 9591 2604 2305 3306 663 6016 4183 3326 4524 4880 2274 4289 9274 4204 8245 4019 1389 2780 5118 6951 4218 1170 8254 7238 1713 4549 7737 7829 5957 7578 8300 6064 2023 7819 3230 7169 5785 5225 6534 509 8165 4680 3958 8589 2213 2804 537 8395
54 9988 3104 7343 4994 5185 3763 3331 4156 5783 6304 7891 9395 8441 8262 4396 3313 5578 8191 3721 2859 6809 9279 3828 5947 7924 7124 6594 3287 6963 5464 7189 7141 5931 3466 8457 6297 1008 6196 3739 2117 4121 9881 6086 8567 5110 6932 4561 3522 3719 6737 5953 3554 9204 1154
22 9925 9688 9868 3501 5675 2003 9382 5680 1681 1133 9803 3669 9943 190 5769 2538 5904 3280 4657 9704 4179 4081
47 9888 2163 9248 1040 8027 5632 4966 9190 2401 343 4221 5376 6919 7468 9270 4997 1419 8859 7830 5913 2977 9824 1968 7167 3672 6146 8837 4704 1624 4464 6468 4528 9048 3864 9680 9977 9342 4105 2311 9320 1015 5317 4586 7194 2134 2367 1445
47 9872 7639 5984 6959 2205 7191 2965 873 4314 4627 8791 6652 194 7024 7291 7484 161 5404 4547 9769 1314 6072 9616 5758 6644 2889 2432 8310 3276 4499 7067 7627 5414 3358 1129 8510 9886 1815 7788 9828 6823 8187 9100 3540 2956 5707 592
47 9861 5325 1035 7031 8969 9699 3126 8693 294 3722 3949 184 3480 7202 7709 569 3817 3454 8536 2004 3269 7258 7948 1598 9427 9671 3371 7350 5078 1379 6525 6401 7686 8521 1202 9108 6911 7601 978 6415 3355 9991 3062 7270 503 9982 1766
48 9832 602 2198 5532 8297 3921 6756 627 7436 9540 5167 9975 8292 2983 6535 6567 5070 8214 4168 1215 5497 3926 9845 7276 6321 4902 4756 7834 7231 3408 6967 7373 5087 7547 3787 727 8136 8065 5180 2751 6325 6660 6532 8880 9748 6235 8631 6246
50 9822 1641 5336 227 9236 2769 6275 3291 4933 9391 4307 2748 5223 2179 5821 1676 7190 7925 7824 8755 2685 6082 2743 844 3180 984 4340 3535 1195 1581 4261 8054 6247 8452 6700 9298 2621 6089 1162 7987 3688 7524 3208 8845 5344 3057 3074 2594 9847 1508
2 9738 1785
2 9670 962
2 9475 1965
1 8995
20 9435 7179 4794 9747 479 7020 5940 3283 6794 489 7467 9725 848 1039 7614 7305 1630 5249 115 4382
49 9488 8669 8523 7475 3005 2640 779 571 515 6049 2782 9753 8256 9954 8211 1545 5429 5509 5501 3273 3134 7989 6941 2082 8675 1706 4109 9066 5252 595 4860 1582 1992 2688 6118 9638 4075 4624 8838 7306 6022 9353 8068 8953 2189 2670 2786 1665 9914
47 9543 1595 8927 4169 2876 9219 8936 3680 6580 2644 2908 9310 2233 5343 4483 8652 532 8296 3131 4992 2682 6208 9547 5978 9276 7365 3884 536 5841 1591 4649 1201 7716 1755 988 1953 7619 8802 4369 9633 8660 9347 4552 953 6810 6121 7887
1 9601
48 9714 1833 3929 3772 9227 2459 1197 8162 2036 163 8006 5670 6295 8642 1307 2835 7131 7672 6145 4825 345 3065 3220 6502 9232 9794 8972 6940 7181 9465 247 2164 3773 3789 3658 8163 8287 2729 5232 3527 4337 2819 4820 1615 287 2556 6017 8670
49 9581 175 6982 8568 6640 4870 9352 422 4716 721 8266 8381 8532 8649 1609 7580 597 4292 3743 7906 2502 2720 2121 3974 1135 2151 4883 7155 9596 6712 3222 9641 6682 2871 3969 1605 3032 9605 7252 3066 9065 1305 2567 205 4380 9383 7537 8479 1648
1 9413
51 9392 654 2607 534 5564 3339 3659 9804 9735 357 7728 1282 690 7915 3182 1253 7931 1259 2055 4374 1329 7377 4002 1459 3010 7973 2617 8475 3458 4750 3971 7273 2488 9626 8056 5335 4731 8664 1663 3221 1782 7658 9905 1347 2264 1762 3173 7997 1001 2952 2497
49 9742 3076 548 6482 1835 1325 462 4250 4530 2096 2536 2489 794 4004 7045 5068 5601 3055 5828 9287 8066 1774 8124 5775 6119 2034 5056 8425 3125 5212 1702 5750 5754 6880 3338 5339 1859 7055 4326 4884 9759 731 6667 7726 3816 788 9544 7775 85
48 9858 3551 9635 3385 1863 6177 6767 3332 4323 7054 7960 74 1679 1082 2931 1825 2610 9187 225 4713 1494 9707 6846 9424 7499 5484 9653 6689 1845 9946 8662 7535 4073 6116 6355 9508 1811 3112 2559 7508 7090 8484 145 8062 518 3808 7272 7326
53 9890 7006 8654 4660 1590 9956 1267 7482 3118 1138 8012 3297 8620 1064 6675 1301 168 7122 4290 2897 2878 683 5761 9002 1662 1726 1171 7172 5531 3004 1213 1246 4653 3414 2515 4211 1949 7250 1827 7339 6981 1017 8363 2104 455 253 990 8070 7926 4923 8683 2406 7021
50 9371 994 3765 1751 6475 7552 8049 7986 6995 9322 9678 8281 8050 1245 8873 3604 9149 734 5749 7071 6552 7838 781 3893 9448 3889 1535 7700 3928 1450 759 9294 2192 1006 3736 1356 8881 6467 6917 9301 9291 4407 3196 7478 6266 1184 1522 3444 9481 7796
20 9351 474 6683 5136 191 1860 3264 5263 8204 2236 7842 1689 996 3465 7597 6860 392 6914 7009 4215
23 9191 1753 2297 9820 498 3903 8438 8053 6421 408 3033 7526 2433 8322 1310 1971 5659 8677 7076 353 5395 6882 428
2 9151 746
48 9189 1752 8207 4481 7922 7323 8237 1217 2058 6634 8454 9675 356 2689 5133 391 2629 3431 1460 8604 5874 805 1249 1552 1054 3939 1456 7218 3184 5980 6839 3282 4781 7137 5328 2875 3712 5120 1375 8306 616 2501 1446 9293 3008 4708 9192 8311
1 9180
1 9321
50 9215 9445 1062 2000 8503 460 9139 2168 919 6622 8328 9186 7680 3212 3398 8330 6648 5791 3314 2465 8925 3054 5752 8990 5731 2043 6884 3552 1336 3473 3621 9401 1252 7874 2932 921 6477 2363 5776 2177 1378 4877 9679 4197 8891 6626 7066 7153 9941 969
47 9284 3235 5334 6778 8875 2570 6102 3845 8418 3703 6859 8920 743 4174 6697 4047 1723 8824 709 7740 3377 7557 8490 8926 4139 6726 9683 5493 4010 9162 3089 4982 8361 728 7017 2669 1328 4741 4367 5882 2942 321 2895 4962 3870 8909 3595
51 9340 3492 2793 2813 350 6407 9268 3009 375 2519 3847 3114 6522 6979 9854 110 5514 995 7039 1557 7983 39 4658 1490 7321 6836 8329 5519 8175 3805 7585 2133 8259 9920 3245 4778 5858 2773 4968 4449 7799 8203 894 2211 6159 4224 7470 1503 1946 98 3082
20 9328 3179 3681 9492 6003 6925 6563 6657 9329 43 8673 6436 7755 7629 8603 6188 5597 9857 3127 8332
45 9282 8121 7235 8073 6231 9385 1505 8714 4393 2391 3151 4134 200 6084 1849 9575 1709 4873 4696 3011 9118 1885 5346 7763 5394 9262 4404 7684 4719 6087 5111 6122 770 4409 7512 2454 6907 652 7107 5526 8986 9580 6639 9799 6632
47 9168 2146 4246 5903 1192 4535 8906 4123 5542 4093 8111 9936 8517 5862 5425 8122 4782 7531 6849 3124 1544 9694 6026 1530 6365 7515 4955 8401 6724 2690 1190 9237 3900 2361 1251 8738 3699 3478 1930 4416 7192 3583 2119 7764 836 3829 5486
1 9159
2 9145 691
49 9211 596 551 6635 9019 6150 9899 4636 9302 8569 5303 6312 4640 3675 8477 2097 4504 8222 8616 2818 5817 9 3646 8621 3657 7795 1571 6628 6124 9534 5043 7479 2665 9396 6568 6194 6290 7659 932 1479 1518 1543 3959 3092 5161 578 9995 8805 6090
55 9155 1130 9166 702 8120 4219 6504 9963 3881 5022 7538 4621 9986 6186 9885 2183 878 6918 5064 6674 564 3241 8020 782 9217 2845 1457 3301 6078 6850 1013 5628 9709 302 7127 4016 1901 2816 8863 8359 8010 876 8690 5702 5582 8803 6181 9080 9904 4890 950 7805 6546 3504 4275
1 9141
3 9106 377 2803
2 9058 1141
50 9053 493 5535 4754 271 9797 3064 9772 4053 1042 8831 9648 2541 9853 465 4726 6225 8284 686 8721 8278 1642 4862 2981 2237 4335 4838 4557 1502 7027 4086 7398 7640 1090 7198 1041 1982 9652 3224 3559 3045 6833 7991 4811 166 5054 2456 6656 1637 1289
1 9049
1 9111
1 9014
45 8980 1568 7030 3630 61 6234 1737 5896 3267 1996 2771 87 4900 8493 3166 7847 3315 1214 9300 2235 7739 965 2324 5827 1840 6334 7808 5672 524 3142 1850 8704 1077 757 5437 5140 8542 7923 1975 5787 1369 5591 8387 5561 3232
1 8946
1 8858
1 8854
1 8849
1 8786
49 8725 138 4474 4088 7309 5815 1059 3702 4286 9549 8178 2762 9762 3341 1083 5023 7875 4130 5701 2998 6829 2500 1507 9177 7656 9852 2130 2485 8847 9998 1366 9911 1757 7507 7170 4536 3200 7445 4036 5665 4746 5725 7050 491 9971 6564 2530 5240 9741
49 8598 1187 436 5756 7871 1407 3350 8699 4629 784 6816 8790 6286 8741 5887 3500 5568 2373 7706 4136 2923 1044 6780 4090 1401 3477 8732 9570 3567 6649 6759 1471 8496 8212 8467 2377 5358 2566 1686 4631 2203 3710 8895 9987 3840 1150 3059 447 4300
3 8450 1938 405
45 8103 1711 1312 1768 6093 7636 9378 1465 3536 1787 2920 5916 6409 2470 3018 8728 3229 9720 1564 4383 123 2589 4161 5072 7075 7200 2692 5806 5003 9528 1058 4513 1357 7454 2102 9433 7972 2261 3547 9001 7741 9152 9015 1185 3399
19 8346 9037 3383 3987 5310 4715 5258 4573 5478 7944 150 4185 8182 7401 9919 7000 9497 567 3303
47 8709 2496 9942 1067 5127 4442 7528 8663 6618 6105 4828 800 1098 4736 4095 8391 4101 7432 6763 9068 9501 918 5716 2225 758 8975 4438 8321 4389 9749 9897 2750 6107 3874 3526 1481 6239 5380 7505 4490 1227 5747 2902 3305 869 7886 7649
51 8551 90 7984 8415 7042 6620 7579 5460 4005 7607 8727 3997 4734 5401 468 3487 1683 8573 1899 4914 8855 9160 3061 5067 6743 866 9312 9264 6180 5810 1523 631 7403 6034 7057 5892 4810 5243 7498 3163 7868 4905 6577 6704 1634 8792 1607 3202 4254 8265 2480
45 8595 3482 6265 9506 3867 4455 4152 1515 7022 2129 4273 1194 6163 9818 5603 4533 8844 5063 3981 6749 7012 3677 8276 3869 9551 905 7632 3973 2580 5563 7085 7451 3070 4485 8556 9978 8515 485 6506 1022 8317 2349 6647 2791 2436
47 8724 7337 7787 1807 3260 8464 1210 4408 740 4486 9406 380 1603 5277 7661 7409 9910 6354 8507 1262 7612 8279 6433 4845 3213 1613 2047 4070 842 398 7732 8692 8473 4675 2199 2865 6782 8555 714 621 5215 24 5257 7178 5273 8194 5453
1 8544
1 8424
1 8220
1 8172
2 8141 1134
2 8033 1826
52 7901 3704 6671 4757 9930 2963 4476 7773 4278 8970 3644 4950 1821 7046 5045 4062 4857 5647 6707 3020 8035 2686 406 6591 3401 1142 3674 8373 2951 2740 6512 2792 8396 2026 8459 3792 1945 765 8474 9193 8648 6631 5764 7477 8100 8061 9765 7631 4832 7854 4789 2980
1 7914
21 7937 7205 8468 4543 9756 7219 9130 2144 4817 5058 7412 2136 177 670 2947 3262 2522 3553 8611 71 3879
44 8039 9104 5965 9286 5585 2212 4639 7375 365 4692 1657 4545 3215 3648 5189 9087 2178 5290 858 2404 5839 5104 4373 5505 8667 9405 8269 2344 5444 1803 5625 1478 6903 9657 8323 948 4061 8117 4682 937 3218 8583 9724 2681
1 8057
1 8097
1 8078
48 8099 2381 3856 2069 4318 2140 9150 4082 2053 7299 1151 9324 550 1693 5906 9983 2382 5417 1483 5808 99 3616 6350 3576 2407 6387 7040 3031 9005 6285 4606 1775 3206 5250 7895 9637 4721 4584 344 1474 1705 8916 7852 5736 8514 2936 7341 519
46 8044 816 553 7173 7060 3410 931 4739 7158 4313 9565 9437 5105 5369 4500 3565 4489 3330 4440 1742 832 9389 568 3137 8996 7932 7813 6938 7225 2639 4806 6219 4234 3413 2190 5765 7376 3998 3157 8981 5430 4827 5513 5204 4978 7010
3 8090 4501 4236
49 8267 8590 6888 4327 9636 2353 7603 1575 6566 1770 2738 4205 6162 3304 51 8628 5279 1166 2276 9278 6878 6945 3441 2540 6841 6170 5001 4541 8571 7762 3475 4854 3564 4102 7827 6455 7687 7486 809 9025 426 1486 3653 8236 7474 764 7315 2630 6575
49 8372 5557 3693 1816 7648 2430 5020 4867 3804 9456 0 3934 9044 7693 5975 363 2078 6287 1292 2852 2944 643 2342 1664 917 8999 6807 4043 1640 4572 774 1884 7051 4203 8069 2356 6420 8772 7287 2427 1834 251 1939 9244 9723 2099 6179 8314 4171
48 8404 9498 8971 1066 170 5333 7790 9241 2057 4231 6752 8793 1602 6268 21 3110 6191 1002 6813 4100 7237 2014 6345 7493 3753 7307 9011 8210 9647 5385 5060 5799 6736 3000 3750 1506 1447 3374 7734 8672 717 7156 1079 3468 1106 6061 5644 3227
51 8407 3452 9913 8286 1036 2384 291 9515 2137 2359 3090 6389 2027 4145 1519 6666 6820 9110 7928 5694 5852 5024 1870 3393 4371 1636 4488 5622 2206 7994 2702 8973 4972 6803 3140 3689 9176 9514 2025 3081 7453 7730 9517 127 8582 8105 4422 966 3913 711 5921
47 8453 2086 2335 563 5349 9669 9980 6292 7870 5925 6369 3803 5878 1610 1317 1423 4856 4898 7753 9072 2606 2833 8334 4288 7363 5652 8242 9674 5399 3754 7964 3761 9357 9744 9472 8104 5234 4907 2063 7125 8110 2329 5849 5372 4512 2810 2894
49 8561 7297 5149 1491 1410 4436 3367 3122 35 6007 883 106 9491 8469 4363 6138 2040 5811 7429 5080 7242 5962 3609 4365 6226 4232 2568 2945 7975 3261 3776 4023 6589 6558 5893 6913 9369 4403 3498 2383 5864 2093 806 4352 4940 6969 6865 7134 6148
47 8579 7511 910 3519 1809 6374 3764 3610 813 6703 9315 6817 926 6523 1680 4818 9703 4689 5411 4423 5833 3026 7271 4839 3409 2290 9070 4787 8303 9614 3395 4220 5656 8280 9318 823 1997 8779 8197 5809 6972 5491 3970 1345 3159 224 9700
3 8644 9443 4878
50 8698 5467 5889 2836 8566 9073 8193 2768 7286 590 5079 7840 5315 7916 2624 1242 3105 3228 7345 2826 3121 986 1847 922 6418 9355 623 8860 2564 1781 3432 5733 9701 5179 4554 5788 5684 4859 8449 3154 6053 1812 6136 7930 9438 4714 9330 6843 3107 2388
48 9594 2795 810 1983 3201 5566 8074 7769 171 970 5596 7356 7483 204 7419 1092 4988 2370 8337 259 7962 5220 8095 4814 4164 6288 7064 4879 8098 3357 3497 1843 2089 5217 7220 6293 2328 2962 486 5466 4346 6397 4592 8574 8268 2215 4977 7456
50 8315 1846 3878 8080 3312 2971 7543 837 589 8368 8968 1302 4083 1532 6715 5175 7935 584 8591 6388 1879 1308 7882 1416 5730 2658 5541 1161 6725 7628 4187 8331 3945 7550 7971 9574 4744 4971 1110 4848 752 1878 7332 6784 3311 9586 4793 282 6806 7917
47 7995 1925 1896 6857 6463 5128 7084 879 4587 5714 2673 9571 9393 2846 7664 5530 521 9051 8956 710 8886 6414 8610 318 9513 1858 4191 3824 7635 8199 4441 6132 6458 959 5449 3521 9819 1877 7154 218 4702 6637 769 6821 7294 7187 9604
47 7883 4980 3991 7380 477 1250 7180 2992 1198 8679 484 9781 5843 8689 5327 5818 5137 1097 7860 5265 9800 7953 1504 947 3073 2108 2445 5205 4609 4475 6127 3077 9834 4816 6080 7197 7666 8535 1470 5795 3041 8731 1105 5774 5717 6942 6301
1 7851
51 7849 601 6668 5049 5966 6928 961 434 9096 3836 8176 5218 7316 3777 9442 8655 1643 4844 9964 1935 1972 8963 4918 9996 9290 7212 8534 1341 5495 4842 9016 7098 2676 4154 3223 6066 4613 9198 4468 826 5660 4459 9934 5950 9423 3697 4674 1211 4585 2623 7414
1 7833
49 7427 3025 7946 5209 8851 69 1597 3412 2221 5682 8285 3103 4048 1802 2937 8723 2320 7815 8623 4687 3490 300 7459 7620 1188 4448 5426 3961 9140 9717 1780 4372 6788 1649 9142 2831 7920 9305 3627 6751 4593 2976 1333 3406 2716 5698 7322 6055 5666
53 7662 9764 6687 2649 5553 3172 2145 9033 5086 5144 6464 3205 7751 8263 1549 9308 6385 7942 4281 4401 2935 7554 510 3136 1418 7114 7088 7310 388 7514 4570 3231 6110 705 8839 5431 6346 3749 1979 3990 4342 8763 7714 3141 2618 8247 2094 172 2911 8037 9860 2504 5885
1 7782
2 7678 102
1 7674
1 7653
20 7828 3210 8492 8919 4717 3582 338 309 6985 7061 5784 1525 943 7745 9093 5238 1158 6238 5847 3923
47 7822 4671 5613 528 4099 5461 1421 1380 7430 4887 236 956 7489 252 1120 2799 5350 7267 5289 1144 1321 4343 664 3786 3437 6453 7898 5081 4118 9509 8304 976 4429 6934 6642 5172 2503 942 5294 8146 4479 9045 8228 8548 4014 3517 2507
1 7643
1 7584
21 7633 159 9460 8166 5129 5171 4227 1612 9356 4377 6874 4348 5510 5704 4888 6609 4243 7645 4906 239 6811
47 7609 8948 4259 7611 2012 4034 2906 6681 949 971 3854 3830 3195 4190 1193 1792 5951 7355 2184 3798 8482 4617 7058 4351 5577 6968 2757 5487 9553 2321 1903 2045 8208 2172 3270 8209 9610 6858 2778 9277 8219 20 427 6673 8290 4866 9837
50 7735 4949 612 2890 2557 3679 9039 9095 4126 605 610 7800 6446 4953 9425 9153 7670 8760 4293 8976 1319 3456 3695 8142 639 9673 7888 7081 7129 505 4924 7041 4899 1334 4022 6158 4324 9948 1718 6797 2990 2844 8244 7951 9071 6094 3918 2582 819 7264
49 7760 6488 2874 2263 2526 9627 1604 4948 9238 2531 6212 8349 6559 3678 2955 3364 7811 1069 1919 3849 2675 1936 6398 7102 700 7159 8226 9776 5816 9922 268 8800 9566 6383 4007 7269 5715 9608 8902 8527 4571 3354 1115 4695 8225 9866 3403 5988 8696
48 7576 7606 5952 9568 130 9967 3292 1165 3091 572 435 3780 9531 4638 9917 7275 2188 9249 2033 6174 4743 9959 5804 2888 3499 5248 8336 5554 9875 2696 7160 6514 5743 2438 2421 8388 9004 7595 2269 9134 6495 556 9731 3957 9296 5836 4747 7502
1 7426
51 8085 1038 8434 2524 16 1554 9263 684 6280 606 4089 7592 2207 6276 8944 8668 2590 4720 2355 1126 8094 4160 8807 2869 7378 2821 8028 5573 840 226 9730 2208 2127 7571 9319 6834 9682 1628 8929 7583 8343 8018 6153 4872 8959 371 6269 4256 1653 2661 5211
50 8184 3775 8740 8431 3698 5696 6073 1588 6779 6658 5580 4487 6750 2009 3742 9862 76 6085 7589 4583 231 1914 7831 4332 8283 4727 9469 3359 5773 3718 4686 7504 2073 6047 8508 5518 4362 8169 9221 2964 1576 9805 638 8987 8195 8024 2123 7004 8964 6172
49 8299 9791 9131 7724 9836 2752 5416 1441 5683 7691 6057 8828 8876 2061 323 1349 560 9677 5766 6010 5427 9207 3446 7431 3920 5695 3370 9323 7591 5340 355 5927 7826 3342 8301 9684 4755 7665 9623 8393 6431 7411 9148 5032 9463 2031 5021 7568 5674
44 8502 9243 5324 5134 4046 6000 629 9489 1547 1342 6215 3185 5935 6630 5322 7036 84 4515 5689 9158 2984 2171 6100 6362 9214 6302 2200 6050 4706 6083 2598 3738 5762 8635 8632 1978 4196 7164 103 7966 7934 6390 1268 7540
52 9054 1425 3534 9522 5751 2756 3907 6005 1264 9874 4788 2838 3619 5457 7111 5434 4785 1694 2943 6224 5106 9007 1796 6735 3568 4761 2060 475 8498 8773 2663 2173 8156 4357 6199 9009 7945 9146 1107 3023 7480 3706 7457 6717 9476 3457 4590 5970 2493 4635 2659 6627
45 9696 7175 3128 4458 1278 1558 3036 6844 4694 1340 901 1477 8150 1256 3603 2020 4835 8371 4045 9008 5972 9609 6438 4538 7248 803 884 7425 3263 8822 6984 2222 9062 3307 6636 9572 6222 4228 9099 7731 3328 7008 6498 9873 1363
2 9814 9136
46 8546 8730 1734 7329 8625 4529 2966 9462 8375 5637 7541 5302 3715 9737 4334 5036 6252 1085 9414 8814 3944 4226 9595 8168 4125 8029 955 650 3433 6949 8048 1388 7567 9063 5719 6887 2638 3450 3909 9535 2041 9573 4791 5930 3071 9600
1 7418
53 7324 27 9117 9743 665 4217 7151 8765 2295 8320 8365 9461 2064 6230 2552 9420 8213 8808 2122 8350 1948 7884 861 2939 5299 6851 3047 7912 1645 7410 326 8138 7646 4928 8570 1200 5663 3523 4242 5649 8811 6076 3015 2718 9912 6377 2067 1678 1851 2561 4418 9527 5823
52 7320 78 862 1468 9441 5511 7244 2293 7723 9027 4553 9229 5850 6744 4385 1839 2001 5523 7462 8215 7108 6367 5438 3778 4420 5504 3514 5214 369 3605 3418 3790 6792 2602 6314 9199 4225 1534 2575 8789 7998 3098 3930 3936 6308 9064 9916 5432 5050 5897 9827 8629
2 7318 1717
1 7277
3 7245 1204 6001
53 7138 1566 773 7096 6200 544 3598 817 8234 6211 81 3479 2242 1258 8235 4521 4031 7610 6033 7188 8145 4092 249 143 580 8762 1137 6629 7558 2798 7733 8155 4654 7563 9801 8086 5494 6081 7391 3087 3165 4209 8852 4038 3752 4042 4411 9947 1010 3366 6240 3555 7688
2 7148 4662
1 7136
1 6975
1 7080
1 6950
48 6933 929 9957 328 1670 3560 7707 2535 8697 15 3537 4730 4673 250 7748 4341 9126 1986 4544 8832 334 2900 3629 7104 628 7586 5191 8908 5880 3085 4812 5463 4987 2490 4285 5089 8485 7128 7228 1237 6818 5805 2828 7729 8945 9838 2783 8636
22 6891 6897 8366 8710 1779 1745 3177 7249 1794 7361 3741 9880 8528 8486 2511 3362 1104 9979 798 2699 331 8775
50 7256 1512 7918 8952 5472 4957 3954 5658 6677 1025 53 5351 5433 5177 8377 4938 2843 9634 4140 9012 2548 8659 2842 4749 6457 1853 5786 7681 4378 6714 9046 507 6039 7314 5458 3097 1343 9313 4173 7139 2991 7517 3993 2848 8501 4268 3872 5473 3531 4659
1 6885
1 6812
1 6808
1 6781
53 6845 2351 2954 3302 9632 6410 7625 215 7381 2609 402 1368 2310 5084 4370 7330 2509 2924 5480 5000 2262 109 6701 2428 6338 3853 5643 3204 4054 5640 7285 4359 4670 8656 7814 890 8102 4462 9364 8179 1443 1374 2926 2398 8637 9894 7002 1916 1136 8216 9556 6164 4331
46 6669 1539 5241 2152 7394 7864 7351 3417 3671 5126 3225 1865 9078 4589 2960 525 3336 3986 7400 5768 3819 6684 2730 7692 2581 3837 9624 912 1684 8869 5630 1026 9541 5364 6592 8853 3838 6499 2927 4615 2170 3226 3279 2634 3748 647
49 6638 5383 5967 6595 1909 6032 9384 3391 8421 1095 5435 760 2613 9554 219 7415 8055 9368 6651 7059 9365 877 8137 6228 5943 6075 9630 2697 8333 1224 3594 1656 7447 6777 1844 5866 9333 9691 2336 4790 5091 3800 2498 5231 6762 3030 5178 9354 7260
1 6613
24 6599 1959 526 2191 4166 8977 2 9785 5181 4165 3851 5744 9467 2232 2247 2562 5071 257 7284 7068 6693 1405 9618 4511
2 6428 1813
2 6440 1999
50 6430 750 476 281 3476 3524 8063 6348 8954 5224 1592 3858 6538 4193 9733 6708 5366 6210 7766 310 5890 387 6192 8007 5767 4855 1068 6134 1606 4470 5631 6853 4604 3976 8767 4208 4772 3002 1086 2072 9020 2214 6709 2510 7677 9474 1270 9018 7947 7559
1 6392
1 6507
47 6570 207 5130 4568 3575 4802 7230 2239 6876 7327 4137 1299 425 358 8466 4201 7939 8821 9655 9135 2973 9334 6706 9325 3886 2224 3043 2899 2022 2827 8580 4253 7904 8748 8408 6926 699 2434 8747 5812 8708 516 587 8941 3080 7049 6511
1 6423
1 6424
52 6603 8394 3899 3324 6936 8540 8471 979 8681 2468 3573 117 8251 2281 7097 833 1647 2891 545 2124 7990 6612 5840 6253 5994 7146 1392 2278 3599 2292 6946 5272 2420 6054 3714 1273 9578 7193 8923 1381 783 3996 4850 3111 8810 9900 3274 1655 2059 6542 2719 697
1 6340
22 6261 1109 5326 6425 5914 1275 5116 1178 2126 220 2868 174 6971 8641 2415 2654 1852 7336 9664 1034 5579 7549
52 6198 1048 5388 7569 5113 1862 2755 2135 3164 7621 8924 1222 6994 1149 4630 5146 4864 2802 2760 2120 5428 8248 3321 4925 2220 4471 1063 6545 7546 4106 1654 649 9266 5986 4853 5099 4508 7254 8951 2784 4733 732 4320 9576 2627 497 9422 5621 8539 4767 4871 722
49 6197 688 4122 1140 3919 5109 8261 5117 1644 289 2138 9504 5863 3625 4874 1797 4520 8153 3494 6773 9222 5219 1721 9763 1667 6904 802 5648 7889 5331 3088 9611 6691 2641 7444 9468 8633 2392 1633 7052 6688 5173 415 3663 2371 8412 2957 202 4576
50 7313 9538 6729 8134 9732 6961 9751 5423 1923 1373 8609 3486 1433 4799 5235 5879 9067 8008 1988 1436 6719 9185 2615 7233 1461 7018 6220 7385 4693 3740 9981 2307 381 9896 9944 1116 4333 5004 7263 6801 5981 5158 6943 7746 2275 6052 9452 6960 8470 1911
45 6229 482 3181 6151 3316 3866 6283 6123 2154 630 4387 4017 8974 7268 7727 8294 4266 9906 3368 9455 8348 5443 693 9810 6204 6009 8900 9726 7083 5469 1722 9206 4484 5221 5039 1454 7094 3717 4580 574 368 3826 4685 1099 7774
2 6130 327
2 6096 586
2 6056 934
1 6042
50 5959 558 7574 4773 2512 968 2323 7667 5796 8093 5424 1944 5312 9220 4446 1360 715 5329 2946 8939 4132 7118 4602 2704 3211 6166 9564 2462 2419 8480 1216 4618 3372 6529 5321 1528 9715 5088 2162 5300 1900 8823 8241 1765 3451 3345 6513 9403 6730 4901
48 5876 1579 2091 8383 3361 1113 9685 5387 676 9115 6255 6746 3001 1932 1541 437 3320 1622 3194 3453 2416 3730 5330 2424 4317 6048 5539 2181 3419 3728 9901 9521 7226 1355 1922 8229 1586 3947 8685 3729 8522 192 7214 6161 8353 9697 8816 6804
50 5798 9038 8125 5908 5942 2940 3259 3707 5102 1760 5201 1917 8645 5168 6740 4158 1872 7037 2100 3825 8892 228 9250 1829 32 2666 7844 2949 4207 1848 6965 5186 1565 9195 8340 6071 9013 9205 3995 3713 3351 2248 2938 1881 617 2925 8180 3876 4915 2103
1 5832
1 5919
51 5835 445 4494 1424 1704 487 3762 9790 504 7087 8913 3040 6218 9314 3176 5119 9375 4153 1548 3846 9309 7150 6484 1892 2837 9283 4113 9560 8519 6494 6939 7262 9807 2458 7446 1569 5607 6855 5992 8905 1311 8955 8695 9642 4981 2904 2441 8270 5365 1315 1635
48 6190 7216 554 4808 6250 4480 5826 4697 8651 6519 771 6615 2289 576 8877 2426 1003 8826 7682 6757 2739 6742 4280 8688 4623 8034 4305 9867 5572 5267 9226 6641 7303 9972 2553 5445 2294 4993 9557 7616 4291 677 5092 5845 2781 4235 7555 470
45 5777 7781 1247 915 6623 2042 1152 2358 5210 8257 6267 209 3520 1777 9289 6277 5059 2725 9412 8347 322 2877 1952 1498 6375 1094 3684 7909 6861 6877 5038 8271 4439 6870 3793 5995 9377 2953 3649 9563 852 8374 4775 9163 7820
1 5634
1 5604
1 5588
1 5482
46 5465 4989 256 4803 8885 3735 1890 5436 8293 1487 7988 7296 8541 4432 2457 2011 1880 1695 4930 7005 5820 2372 1221 3343 1918 4244 7353 744 1720 8291 9085 3252 9519 8430 2443 9101 2437 6569 6916 2703 6358 448 5789 6038 9404 5738
20 5500 6543 4632 6046 2037 6516 3757 6481 7149 513 3439 9848 3234 6037 4833 7195 1023 292 3488 8446
50 5455 42 3832 352 9695 6664 2244 273 7116 6912 9909 1009 7227 9240 3770 5183 620 8131 4178 9654 6378 5894 1406 1771 1517 7069 4434 9387 8133 2910 8827 8113 3394 3178 1072 2579 6694 5624 1731 5560 2257 8002 5711 4412 5734 5543 9444 4965 8096 5208
52 5371 625 8339 1330 5237 3278 9621 7519 4084 706 7016 9961 6112 5556 8005 9006 6847 332 199 1708 881 6434 4952 2520 3771 1661 4551 7893 1052 6611 4240 6617 6400 6476 7093 9846 6381 3964 3115 6342 7967 2340 3438 1728 4688 5937 5729 3404 3633 3529 1793 6216
2 5266 295
48 5260 701 2864 1842 8400 1520 7109 5598 8549 4309 8798 3647 8042 5508 7328 3955 9218 9739 5367 9261 8109 2348 1382 2979 4027 6953 5567 3253 2700 6863 7573 3549 8795 9386 3924 8411 6848 4012 7520 1181 9579 390 6442 4502 9782 6480 9255 4678
2 4467 1769
1 5254
1 5014
51 5046 280 9417 5555 4239 3932 432 5182 7957 7572 4795 5323 5506 2266 5496 8593 8602 4435 9993 6449 907 9303 909 3382 9796 5373 5746 3814 2309 3885 2453 4399 4837 4770 9026 945 827 8557 5824 7600 3542 4222 5275 1263 9164 6271 9349 5779 655 8114 2288
49 5057 2847 8177 3027 7458 6509 7742 4144 2873 8711 1542 4358 8518 2601 5355 5687 9760 7213 8899 1489 7308 777 7346 4128 7587 9430 7126 6698 4656 3891 7208 7070 1510 2277 6108 8014 4426 5629 6201 6059 1943 5471 2616 3101 6842 3472 277 5320 8618
1 5062
49 4974 2698 4433 8678 854 5669 3950 4386 8910 1677 9394 4478 3192 2961 1304 3508 9593 8967 2148 4410 8255 5720 3152 3470 9419 7999 633 8420 424 535 7241 9105 1984 6259 9210 3676 8716 9348 2285 4255 7618 859 8979 2834 4237 8771 3580 8307 411
51 5354 2090 1437 9940 3373 5244 4192 232 675 7117 7880 2797 5748 8627 2176 3908 8358 4032 3310 8435 1929 1294 6426 9877 9757 3662 1391 9471 3327 6058 3638 6394 5271 6070 7113 2317 9879 7073 8308 8606 7713 2862 9710 2088 6028 1295 1672 2620 6173 3634 2149
18 5552 1387 5583 2005 850 4607 9708 682 5228 7896 7278 1730 619 3078 4519 9855 237 1701
1 4967
1 4960
48 5262 811 446 6871 8324 9416 4200 4181 1674 9546 5875 2728 6550 7078 3683 2083 1688 3277 1908 8144 1128 5993 178 3461 5540 604 6376 8217 3325 3162 7624 3751 8380 8729 9722 8427 1669 9074 1281 547 9613 501 5667 3645 1399 3857 7471 7690
49 5370 5939 4766 9951 5112 5534 9120 3405 1985 3238 5883 8500 1160 3489 5969 4388 4272 3379 6893 1915 2044 2019 680 539 7199 2527 5662 2231 3960 440 3880 9144 6555 5979 2455 7274 7452 7224 1297 2694 8770 1981 480 6068 9094 7593 6587 126 5987
49 6330 1125 3833 9361 7638 1051 5298 9640 1562 8462 4975 9183 1420 4044 1555 9889 360 1754 6585 5611 8185 7077 4723 5732 2741 5594 1376 7210 9706 8947 4846 7825 8181 5933 8342 7465 2545 4681 5946 983 4798 6654 4841 2999 1255 9968 3422 2611 3708
21 6956 9288 9336 7496 4091 4917 1053 9761 5360 6643 2774 9059 980 925 4958 8617 9247 6976 7370 2092 7701
1 4935
1 4904
56 4891 1472 5097 5503 4503 144 8547 2048 1855 2701 555 91 975 2679 2039 7835 8917 546 3191 868 9809 6386 3251 863 9256 9552 7044 8031 5076 1876 8614 1346 9567 8171 100 2460 3566 5745 4932 8101 1687 2856 3447 1995 5819 9582 749 8077 6798 5948 6722 4556 6830 1791 2678 3143
1 4611
3 4523 570 9662
3 4473 3827 5008
45 4753 3782 3258 3333 2472 9175 5226 9719 7865 3019 6244 499 3905 1326 5397 7407 4591 359 7443 9792 5048 5800 5727 1439 4970 4496 3319 1789 2521 7943 8703 8021 6733 3022 2987 7342 5261 7386 575 2357 5712 2968 9607 1868 4644
1 4804
1 4852
1 4768
48 4764 1691 8565 8118 8833 5313 8992 2375 5138 4395 6738 9415 8458 6344 9921 6927 642 5352 8538 8115 3502 5093 4167 8129 2475 7750 3109 2070 7143 370 7582 2742 6923 8382 4000 6771 9813 2812 2393 2731 9778 3197 3083 1991 5877 4111 496 5065
50 4616 8545 6785 3051 7752 5516 9076 8884 738 6551 662 1012 2403 1081 6412 5314 38 3563 4428 5974 5782 5015 3942 6692 4477 938 5958 2327 985 8866 8429 7495 6043 9271 1432 3673 7389 7501 6583 8084 4287 3014 5633 5586 9398 7371 2829 6149 3021 6441
48 4661 2517 839 656 7384 9984 5207 6237 9629 7974 3667 745 4356 7240 9267 3254 6015 2909 7243 7873 4667 2390 673 9923 6175 9196 981 4328 1977 4893 7217 2319 9345 9083 7255 2486 9379 9602 2109 6769 9170 5569 2907 9829 5635 4771 5269 5107
49 4760 4397 5245 6765 8778 2350 7367 5724 238 393 93 107 383 9436 4527 7876 5781 2928 9057 7949 2790 7288 5135 7859 8882 9876 2326 8288 2653 6466 4035 1955 9432 8397 5807 8806 7092 1646 9167 2883 737 3938 3988 1385 2345 5928 5361 3570 4916
1 4466
46 4322 2156 23 314 4751 6935 2252 7867 7845 5522 5348 851 8646 3430 2707 7703 6711 9500 9689 1524 2705 1176 7025 1146 6624 4934 2226 1632 8313 3007 9516 4142 3843 9132 7301 821 5657 8520 2533 8935 9023 3421 1697 9882 3375 7527
48 4398 8653 9257 7695 2693 7449 1964 6815 1283 2840 679 4452 9451 6160 5474 6989 8907 4823 1933 2017 3317 2893 5202 1114 6492 5741 2839 248 2402 4405 1335 3768 9493 7311 3133 898 8192 9766 8994 9788 6929 3601 9774 2789 4540 8879 9770 2423
20 4469 8183 5771 8143 3781 4824 9817 5574 8108 2018 7201 1898 2158 4444 974 1011 2651 2116 4430 8390
46 4801 2550 4066 416 276 8003 2573 9123 3898 2912 3443 164 9439 9182 1127 7993 9870 3388 4647 4728 4127 5803 5854 1223 4276 4421 9823 6403 8587 7023 72 6270 1394 5283 7497 9114 3861 5085 4783 9667 1958 1629 2544 1875 5227 5517
51 5030 3505 5195 896 4050 5148 2352 132 3300 5396 8812 6553 3130 6329 1218 4124 9839 7282 2076 92 7532 3003 3063 7265 2125 5737 9734 3890 3193 4162 2246 6775 5636 3915 9341 3691 5792 1500 8088 2376 9082 1266 9041 1967 7435 6633 5481 7654 1235 4821 3116
48 5160 3169 4765 5345 9459 7026 4622 5860 2167 3272 4809 1354 565 3813 5035 9815 7863 8437 9228 9043 3806 4943 3963 1122 9507 2695 9077 1240 5415 8230 6193 8524 2035 8405 8998 1155 3977 8965 2360 7119 517 7100 3668 4548 6157 3285 7063 1921
48 5524 3247 6610 8017 1148 2195 4018 6822 9825 941 5759 3745 6328 1032 5222 3402 2255 67 6213 7712 7588 7344 2970 5646 9197 8087 5242 5419 1578 490 7832 8608 3690 1729 6937 4558 3626 3655 4908 4450 7544 2385 2268 3138 3106 3334 7936 6422
49 6021 8657 6461 336 2228 6382 2578 1448 1659 7176 3731 2642 9477 3203 6274 4885 4559 7816 8047 4869 5347 2463 4603 989 1856 8796 6998 6223 5187 4780 2886 211 967 6987 3935 9265 8275 2160 3135 814 1957 651 2505 47 5507 6371 4881 6598 1298
49 6227 2713 2442 3643 4279 3953 3744 1969 1055 7110 3651 2194 9327 5012 1096 7761 3606 778 3839 8989 5451 3390 1482 8560 1783 5790 9659 5389 1710 2723 3550 1400 1101 7821 4626 748 7469 9225 4155 5515 6761 105 4517 3734 9927 1550 6974 9343 7417
48 4189 2996 8504 8934 40 9811 3 6869 1913 1076 930 4298 2574 4465 1810 5822 7304 3835 4945 3434 4376 7846 6024 6337 831 9931 6540 9598 3400 7676 6315 1265 6957 9663 9086 4651 5316 8576 1951 2095 235 8376 8776 8928 3381 5284 2494 6614
51 4182 5837 8432 7529 3618 1614 8445 1715 9097 5912 7349 7338 6470 9990 8316 6515 3144 9173 4774 2913 9216 8661 4546 8864 2800 9935 6439 8982 6905 762 6739 2131 6528 9532 3597 3862 9603 6281 7977 1527 8032 6745 4973 2572 3168 8487 8978 7921 7608 8887 6207
54 4172 152 9740 4170 7694 5153 5895 5151 4009 593 397 5052 2770 9892 2435 2142 3167 4691 8794 2867 6590 2948 4456 55 603 4748 4598 9712 5268 6930 3574 3571 5692 3852 9518 4159 4668 2081 4920 7562 8962 8243 5101 8043 6921 3906 6184 6776 8619 7978 341 2155 7641 960
1 3155
2 3353 187
1 4119
53 4141 1599 846 5528 6890 2858 5668 2479 6278 8072 6262 1639 9599 7866 9362 689 290 1431 7522 3515 7785 9372 6368 8509 9381 2464 7171 920 1567 6384 6104 2806 7510 8671 8161 9746 3965 1463 6662 5025 3994 2896 9034 3943 4271 7858 4840 7089 4461 824 7747 9558 3767
1 4115
1 4114
49 4071 9887 9366 7011 2599 4926 7992 785 3755 704 7605 6309 5639 6562 5861 135 9973 7802 2325 301 3416 8722 4986 1103 1719 3897 4700 9297 1403 4738 8119 7079 4742 8817 8825 3189 3053 2529 4265 3841 7683 7463 5870 3652 2291 3868 6279 7215 2451
49 4077 2765 6597 5475 6754 2469 3620 2555 2166 208 2298 6359 1306 7869 9376 452 6862 3290 3795 7300 6063 3132 6741 9390 3525 361 5590 6079 3376 5989 5617 599 9429 7959 7749 8676 5710 8202 5341 6289 5677 7604 2749 4735 7837 2814 2016 5690 3810
1 4078
2 4107 9826
46 4574 8227 8781 7982 1499 4400 3557 1631 9165 5368 6616 6686 5390 8680 8238 6256 7257 9029 1172 2080 6721 1873 4669 3102 7622 4596 1941 6336 2592 5923 8856 5264 3309 9789 3483 5599 9069 818 121 4026 8060 5844 8092 8360 2528 6202
14 4581 726 1924 4769 5483 6910 7177 678 221 2710 5125 2409 9660 7105
46 4634 7395 5886 7929 6363 7798 9129 9754 8937 2346 4597 2238 3984 2525 111 1269 718 8889 2857 9628 3415 3199 6772 4414 6432 1886 8319 6760 2118 8444 6604 9269 9843 9402 5452 6489 2978 1716 7281 7413 860 7261 6496 9410 6088 9478
48 4759 7448 7183 5881 7699 6445 5448 5671 4703 5010 8389 3156 5403 1837 1309 2808 4582 5834 3095 6182 4829 9091 9252 5409 1832 2219 4610 8757 1338 17 761 1296 6605 935 9479 6254 3577 5286 4039 4008 7705 7152 2776 5960 8402 3530 2565 9307
47 4830 3533 1805 736 9884 8751 4983 2569 3917 7441 4315 5301 1427 7955 991 9127 1724 1747 2314 2354 7298 3028 2882 8223 611 6323 8867 9103 4085 7848 8016 8419 4711 4245 5902 3613 6139 4108 6251 4381 6169 7789 8743 1313 2809 4625 6065
19 5233 6347 2554 9787 9592 2147 9721 2106 5446 311 9619 8004 472 9363 6705 8505 911 2316 133
20 5645 3503 3579 3855 1608 7383 1430 6027 1804 3871 927 4025 8993 8588 5142 5297 70 1589 5441 954
51 5673 3628 330 9646 9224 3844 404 5251 5654 7637 9121 9898 1836 1620 3340 5382 5793 7352 2062 636 1303 3584 8038 3894 4120 3888 4258 4737 2312 1537 8116 5655 9530 5103 5288 5722 8354 5363 8075 8985 3426 9124 2626 5985 7280 2571 7968 9505 9650 4037 9932
52 5703 9213 7708 2855 108 3914 1560 6556 6554 1131 8442 3281 7927 5757 2132 7450 9281 7466 2050 997 4212 8231 8345 7509 7112 5006 2300 9050 3129 3820 2447 2113 6443 9783 3600 4216 6031 8126 5873 8433 5686 3369 1947 6533 396 7029 4998 8151 7399 1551 212 2994
47 7132 9589 3656 502 7969 3462 8273 9907 7259 8957 385 5742 5739 5159 1219 8025 6800 2763 8878 5083 5405 403 5306 2551 6450 3495 3067 9021 7570 6964 4663 2180 5544 7657 6840 5019 9903 4705 2046 8749 9698 5678 1727 6650 977 8392 3952
48 5955 4392 3460 7689 7894 7650 7485 4304 8410 7028 7768 8423 7163 5090 615 1749 9812 4021 8448 4985 4601 6060 2683 9359 4230 4146 4843 4555 8702 801 8379 3337 5626 776 7736 2476 8326 1318 5016 1800 79 6988 8011 3985 4354 4897 8351 9212
48 6791 698 4944 8130 4710 8701 2101 1300 8494 9583 8076 8840 871 6185 8862 5964 3982 7877 4425 2811 9672 8341 2982 914 8051 9169 9426 2929 354 2941 6900 9512 1384 5143 1455 3572 828 1546 5342 3661 2866 6783 5548 6881 6320 8443 7908 7577
47 7229 1191 3701 5545 7253 1422 9816 2394 2439 3348 7561 4117 3784 4792 8258 886 8253 2986 8552 3284 3812 2534 9024 9681 6607 2341 4946 2174 7003 9985 4301 5676 1902 9849 2824 2197 3588 262 8712 12 7804 2143 119 8819 362 5638 6491
43 7613 766 5917 9891 4560 7147 3186 4302 33 2337 243 2989 8988 4497 8857 1960 8512 6508 6716 2549 7779 3639 4740 8461 834 2270 307 508 3428 1476 1284 8071 4620 9374 7857 1841 3214 2478 7810 7223 5216 4594 4087
53 7642 2583 1339 8797 8717 9806 1220 2746 9915 8594 4722 7513 9172 5406 2318 5700 5407 7472 5311 7776 9332 527 6352 7001 376 8378 7853 733 2714 4059 4321 538 5498 923 6195 6469 1426 2787 4308 8531 4176 6602 2884 5009 4608 634 7791 240 2008 9645 6952 1397 4361
50 7794 8406 3937 5938 659 2186 5308 2339 4252 4514 320 2334 888 3802 5900 893 972 6672 9780 2495 8686 7792 4011 6483 3896 1496 5479 8139 8158 3596 8082 7879 6020 1180 6095 7302 8719 5319 614 9201 3948 3459 787 6490 796 9767 1327 2901 7996 419
48 9194 8128 8386 128 2169 1080 9625 7408 7239 6866 7675 5274 8783 3865 4652 8260 8335 7340 6993 6908 58 3801 7725 6282 9047 3895 2425 6343 3378 4451 5920 1084 6608 6144 4427 1153 9503 7019 3727 6828 8516 5593 8272 6404 5551 2007 3642 4329
45 9440 1364 8399 5865 1976 7744 8613 9937 899 185 8488 3243 7390 5490 8067 7423 6454 8691 6187 3585 2204 2006 8190 3927 6518 2087 7433 4991 7797 2958 4709 1019 5190 8742 2405 9253 1279 6013 1428 9687 4699 1473 3769 8932 9138
49 9561 2785 450 6864 9079 7416 6444 5051 6485 1750 1904 8463 5253 261 9203 790 7536 3892 3407 4316 6948 6601 4098 5230 5477 1469 1673 8758 999 4836 9156 1743 5194 7685 2366 2196 2210 6316 6702 8788 1682 4984 8409 9113 9869 8774 2267 1990 9346
50 4065 5147 1060 2418 1675 60 3623 3266 8966 147 5170 8001 6944 2832 2722 3545 7503 3146 4344 1934 5259 4180 8149 3096 1409 815 9098 7626 3068 583 7103 8198 6140 5164 8059 7182 2374 9450 5337 1790 2667 9208 4532 1464 6883 8784 4956 1367 2217 6091
1 4052
1 3922
1 3883
1 3875
1 3873
49 3831 13 5801 4057 4238 26 4909 9702 9397 2664 4567 2258 8201 1998 6764 1121 3086 7062 8224 1526 6586 1867 8558 9490 339 8883 8630 4312 9400 3650 6962 755 2625 9597 3397 6391 3823 8456 8739 6659 1254 315 8164 9030 5609 9161 9431 5033 6479
1 3766
1 3709
47 3815 4922 9200 6699 6030 780 7715 5693 8756 1004 5157 5296 9949 4110 9260 4822 4064 9728 529 394 189 7623 5606 9421 449 2315 2111 1156 471 8491 66 6875 7506 7786 1513 5576 2074 7490 1583 3510 5386 2523 7861 561 6663 9969 4188
52 3660 577 1492 6497 5069 7979 5247 3682 6983 6284 5066 9773 8991 7464 9485 2687 4831 7651 1189 3794 5550 8801 609 6114 2903 9902 5718 5095 418 4149 2110 1073 8563 6035 6894 3999 2861 6831 4013 6465 8045 2065 7289 889 5813 2706 1288 2915 2850 4707 2668 1596
50 3636 724 7545 7793 6992 1037 9559 1758 2201 6753 1412 6128 2331 1882 1895 1132 7784 8894 1493 1045 5442 3356 8666 1744 2817 4851 6448 5956 5485 7437 6249 500 8868 5697 8612 8809 9259 9539 8647 9022 5996 1287 196 5685 8918 2969 6561 283 5392 6588
51 3902 9446 6214 8026 6402 9408 7232 7668 2608 8737 4642 4745 22 6331 6233 8511 4431 6318 2153 223 3360 8352 5664 5122 4157 8942 5982 2387 9295 7292 407 8626 9473 3255 1563 8930 3933 9331 2588 8160 3424 6838 1626 1509 378 3072 2467 4345 4063 3048 6787
1 3592
48 3611 5944 3911 6416 1926 9454 3733 5229 5706 5857 6902 9495 4575 1871 4542 1668 3546 7334 741 140 7072 5073 5075 7491 4213 958 8599 7236 9587 481 4056 4595 5034 6333 4206 2002 7145 2619 9950 6478 6324 6503 6008 4058 7885 9802 7911 5193
48 4049 9718 6245 9251 8745 8950 6790 9520 6242 6731 456 2745 420 7671 3774 8318 7387 1395 8813 116 6429 6143 2632 5027 3463 6565 7221 4094 3056 9480 6307 7325 913 2628 9245 9306 5589 4999 6335 6248 3614 843 4600 7839 6264 2587 6413 973
52 3590 94 7704 687 8586 2860 952 8250 7952 5499 6341 4394 1735 8848 1028 4264 6472 5856 6357 3484 4375 3147 7312 6915 6892 8338 1413 559 5627 4645 2229 2029 3244 6734 3485 1043 4863 6067 3624 1699 8622 1277 1714 7518 6901 2737 4683 7965 7841 3038 4690 8009
1 3516
48 3440 395 9692 8543 6819 4311 229 7144 8046 4096 1243 3420 6547 6572 8206 6531 2030 3506 5124 7596 7247 5909 3271 4177 9830 5447 5239 8720 1931 8107 2271 2272 8525 6349 1324 2159 6852 8922 2796 3946 2537 3760 2959 951 1928 2879 233 1199
1 3491
55 3448 389 1143 2241 1186 6168 7890 2253 5829 3275 9537 319 2744 3427 3544 5838 7812 4262 6856 3058 6997 384 1371 5200 1091 2056 2560 8871 998 512 4819 7206 1117 8041 241 3822 2362 4876 3093 7565 2471 3725 1529 6548 880 4979 7602 8533 7807 41 624 3589 2481 845 7207
47 3562 9727 2332 3471 4214 540 2141 1907 768 5166 6427 939 7369 4003 987 1207 6171 6183 8413 3435 9370 7388 9411 6670 2287 6539 6396 4310 5098 8537 6505 3916 9656 9775 8157 6541 4505 5359 7542 1361 4947 5780 8585 936 9918 1627 5723
49 3581 4303 5608 5197 5898 7698 1442 9484 1257 7406 9055 9184 8911 5760 1759 230 5121 9035 6460 3975 6581 5691 3759 3700 4368 5114 4072 7564 2708 2727 5688 4868 9779 4826 5605 9234 8785 9649 5872 2732 2491 4531 9112 6867 6573 3467 7174 4963 7534
2 3756 275
52 3860 6154 4951 5156 3322 5612 2841 5797 9665 4282 3170 5512 3037 8398 4641 4929 59 9821 1920 5198 6406 7919 4633 1866 367 6786 3799 5174 6326 5357 255 6527 7283 3445 6004 3296 867 797 6101 6986 6209 1874 3687 7121 6327 2308 7900 1891 2985 1738 6537 8465
49 3877 8152 8850 4650 6973 2914 4175 908 7719 6167 4550 7660 3887 8040 3850 8089 2052 872 644 5661 5905 1261 5132 2032 2187 9209 4522 3113 6487 6120 7961 2259 5853 2974 3029 1696 2347 9399 6560 1974 8112 3842 581 5907 4895 9358 5029 4419 7899
47 3968 9850 9075 1014 6092 3268 2343 2218 4076 3541 8897 2674 5570 1118 594 203 9908 1585 3635 8938 6176 1553 8601 4148 5565 4129 8707 4453 6678 6232 5061 9125 6131 7034 9486 708 8836 6077 4138 1798 3779 4518 3474 870 2386 4364 75
21 6257 6879 417 2399 9966 7985 1260 1016 7086 173 9380 8914 3912 1370 9317 4040 7091 5963 4284 1244 3246
47 7382 8447 7251 9933 7481 5968 4655 4628 9955 8572 4251 6793 4457 6795 5384 5192 7525 5282 8752 7809 4779 5842 6380 6977 7500 1763 812 2128 8233 3569 2898 9137 2543 7954 5922 6517 4319 5571 7551 2691 9705 3796 4913 9615 1533 5991 6835
45 8246 7115 874 2304 7442 5520 4391 6766 1229 7598 6747 9457 6300 1007 2286 9090 8159 6814 6206 412 7043 7035 5270 9483 4492 1495 4648 646 4763 5616 7940 8030 4283 7902 579 4510 4927 566 641 7246 2273 3901 4097 1778 6405
45 8607 4797 5653 7335 6889 906 3050 3716 2801 6710 7777 4454 9808 8912 8325 2068 7082 2412 4295 2724 1352 6147 5356 6924 6621 5755 4534 5123 772 3967 3365 9926 4445 3294 9631 9181 9953 6832 7770 4995 4384 5618 4516 5418 7756
53 9246 3665 1196 7014 6655 8282 9273 3323 3380 304 8726 7359 9133 3711 6296 8013 4990 1444 9750 5830 6665 9010 382 6895 6462 5026 1736 5013 904 2333 2684 8997 5977 9711 9938 1362 9550 4210 1031 7048 2250 1580 7711 6920 5398 5918 340 9786 5681 7907 7348 2338 2107
49 3511 7186 6720 8870 2916 4249 7679 5619 7878 8506 6473 2788 7455 1290 9526 4028 8734 3174 9833 1102 7290 9299 1453 2872 7196 9040 8843 5899 461 3615 9337 5641 6019 5888 3980 8888 1497 6273 5408 3237 4666 8081 3607 2487 1027 825 2157 4539 2254
1 3425
1 3363
1 3387
1 3423
49 3256 3632 1348 9202 1205 1756 6113 5949 73 8634 308 2410 2680 9231 8309 6069 8369 2474 5292 4147 8639 2413 3983 8597 8759 3641 4509 5884 4493 7476 3248 9239 1733 5338 5165 6645 7140 9536 6619 9524 2422 6360 5650 3289 7319 696 9555 511 7492
1 3249
51 3236 2766 4060 8592 4937 9606 1124 3139 3347 3242 9585 3513 5053 4247 5293 2558 7950 7771 8815 8665 1962 6137 4578 3175 8787 2283 6521 2245 4103 1623 4202 9758 5602 1230 8705 6023 7548 7293 6370 9496 6774 5728 7647 3940 8218 6074 4643 7850 5851 8898 9958
1 3216
14 3190 1660 8472 3119 8170 7581 2396 653 4001 6500 9223 5587 266 8123
23 3187 804 1831 5595 4507 3044 4 9974 158 7488 5188 8239 6205 2322 2477 5074 1089 2513 83 5169 2539 6018 600
52 3183 671 1573 8440 8903 4068 4896 9428 443 3318 1593 9745 8264 7317 4413 7765 2230 8147 9529 5309 8189 4599 7663 2165 6006 8135 9668 5924 2466 8196 756 2754 7333 4725 4491 4233 2461 8344 7933 3257 3910 7523 2721 4936 573 7856 7843 4353 7697 9109 1177 4964
18 3198 2202 5213 2482 8872 2930 4355 1203 1344 9939 793 8904 2595 9056 5983 6999 5281 6646
47 3233 9031 8205 1285 747 8841 5400 8277 2677 8417 3335 4672 1485 2303 8483 313 7767 5096 822 5770 2066 4074 8915 5581 1830 2185 1488 6802 1351 6045 244 4330 5929 5203 7862 1514 9061 4267 2483 4959 9865 1119 6447 637 1739 6898 3386
49 3240 4447 5941 3640 3951 1429 6125 1994 6727 6437 6419 5911 6584 6872 1233 2547 8943 2647 8455 1147 9736 7702 4277 1070 8355 669 8221 7630 2299 5131 7168 8312 8064 1814 4024 1966 712 6899 5017 3493 5391 1316 2779 4619 4954 3931 7772 9841 1651
44 3384 8983 68 2715 2506 1390 1740 8564 9235 9350 8000 9499 3481 3925 3670 8769 7157 1761 1963 2077 3978 9119 1616 6353 2492 9928 9676 7963 6549 7669 6825 4569 5155 6593 7354 9713 6356 7166 4437 2444 7362 1690 1864 8694
46 3265 9447 1956 4996 429 8829 7295 1123 9777 6452 7910 1784 2853 5176 8700 400 4679 9771 5584 4882 6456 7941 1280 6471 522 6696 2508 8295 3013 4752 8643 8403 1561 3509 7818 4463 9686 9962 2709 1393 8658 6029 120 5002 4875 8385
49 3153 7855 523 4807 8513 3694 3295 3696 4677 9147 1521 4015 8718 1167 3100 8638 3989 9835 3863 4223 5291 8861 3686 198 3034 9344 7013 8370 3046 4143 2112 9171 853 3966 8173 1989 5709 2597 1112 2115 2885 7970 453 8750 4257 3956 6680 9643 9784
1 3117
1 3060
49 3075 3171 7439 2933 1417 9612 3442 1961 6966 6826 4116 6361 8154 4889 1020 413 5592 3392 1182 1320 5162 8426 6544 4776 7556 4614 2364 1973 478 1625 4894 2650 6896 5623 4563 2934 7905 4336 1869 7074 8777 892 6012 2516 5489 1484 8167 849 4347
14 3145 1824 6319 1712 9304 1175 5910 5082 7185 703 9864 7393 530 4577
50 3123 3720 6931 1746 7358 3149 8949 7976 5705 62 216 2637 9622 8581 2161 2892 7743 8499 9952 6310 1650 4919 2645 6873 9326 4424 3512 6758 887 716 2988 2726 4886 1075 6372 7434 5753 4912 6909 1337 6713 5459 9863 4274 7553 8298 5042 7718 9510 5255
1 3042
47 3039 1788 7494 3972 7331 8083 7575 4784 8575 4858 7379 6854 7405 3654 8476 1226 5420 8931 9179 8384 8436 4199 2671 7033 492 7803 8414 5422 6417 4911 7634 6373 8091 8357 1912 1183 8940 5521 3239 7521 940 3148 451 6947 5562 7460 7234
50 3016 993 1942 4701 1021 6155 7279 2815 8439 795 5901 2918 4969 2794 3882 5802 7374 3791 9089 9092 7007 9081 125 2759 8148 982 3250 7673 5199 7881 618 8186 8984 6789 1970 9028 9275 7266 7204 8127 5184 9523 5615 7396 7617 8830 6755 7903 3188 9577
2 2995 1572
45 2922 957 7222 1556 5077 3099 5855 82 5868 5525 2429 541 3558 8249 6236 4055 6690 2735 9482 2389 9458 1621 1838 1458 8713 6991 1611 8804 6958 1823 3788 5871 1475 3591 9036 543 8302 6141 6366 5536 5276 6524 8768 5410 3436
51 2921 1466 6557 4390 2365 5462 8890 1024 3455 1795 5990 4942 6099 9533 8460 9338 2175 3532 4579 4941 5533 865 924 3807 2761 8901 3692 7757 4080 4800 1950 444 7428 1480 6685 1940 7211 1078 4537 963 9335 857 8058 442 77 9542 2881 3161 9188 4605 9418
23 2870 835 3288 6062 2330 5740 667 3612 6313 1293 792 466 8577 7142 4588 8289 1074 4921 1889 1206 8106 8605 6486
1 2851
2 2849 306
50 2822 1764 7539 9584 4067 4006 7161 8530 8766 1236 9989 80 3821 8274 9658 5028 4684 1000 2656 9466 6728 430 1029 3723 3344 6653 1828 2972 4482 4865 4498 5708 5047 992 2880 9373 5814 1372 2905 4270 4646 730 6041 8305 467 5375 6189 946 1212 7364
1 2805
43 2993 7566 6796 49 8733 2747 1462 2279 8754 5353 9795 6978 3724 4306 7135 9970 4564 2408 1056 2657 2546 9716 5378 5037 2216 9174 1910 9644 9639 6805 3726 7892 2284 8188 8174 5196 65 5926 9003 6332 8132 6625 6051
1 2772
1 2758
49 2734 1386 3496 5846 7421 5377 9052 6351 8584 5318 3783 6676 1174 4724 3158 9178 3637 3797 6582 5332 5600 6044 3941 6156 9729 7778 8960 5295 2379 4299 483 7095 5421 4198 2240 6723 5305 2079 6103 9924 1209 7106 4762 7938 1559 4135 7165 6596 6014
48 2717 1377 9992 9470 9755 4151 421 5713 2024 5867 1414 1322 3904 3429 4079 6606 1435 3548 4565 6115 9464 157 1358 3389 5546 8764 9999 2660 1806 5139 3052 8600 9840 9449 1018 5558 6799 1685 6339 856 8846 2448 1071 3349 2075 7806 1773 8799
46 2635 1408 1415 7397 1818 8624 6922 9590 9831 8865 134 2021 720 789 1692 1861 6954 4612 9233 5450 5379 8362 7184 9292 5040 2411 1584 3329 608 3217 1332 944 4041 8428 8451 9661 7717 1594 1396 5559 8416 7801 2532 6133 1993 582
2 2603 1808
2 2636 8896
19 2652 1893 7402 6970 1700 9752 5726 6379 6411 1238 6393 36 2542 5763 4241 6263 5304 9116 855
1 2672
45 2823 1359 182 5529 598 1398 1241 7721 1093 6221 4472 1888 9994 9339 6824 5055 5413 3286 2643 3834 9434 2576 5152 7099 8780 4815 9525 5651 6827 6571 9000 2733 7530 9859 6241 7897 1786 9285 6203 8893 7817 9388 8240 2296 531
1 2600
2 2584 1587
1 2586
51 2446 1574 4260 4805 6600 2777 5115 6748 4186 8615 6868 4030 4069 7347 8022 1707 8036 902 3785 3608 9793 1163 5018 6510 3543 1467 9367 7130 9453 7615 8200 9893 5614 1652 5468 7372 1987 2764 8079 723 7461 7440 5538 4020 9143 6305 3120 1323 6955 7722 2084
46 2452 8961 1365 89 8052 4415 2051 4834 791 8933 1440 5163 4194 431 6364 8562 2825 5869 6298 729 4417 2010 2251 1819 7836 5825 9487 3737 8674 2449 7420 786 5145 5932 5381 7754 1108 3219 4297 2054 5285 8744 2585 7655 900 3818
1 2440
51 2368 666 7047 6770 188 288 6459 5999 7980 167 2622 964 2313 5439 1897 5100 373 4665 4443 1402 9651 9280 7696 8650 3108 5971 2593 6768 3602 588 8921 7357 7710 2662 7780 5620 7913 3593 1331 6501 8818 5402 5936 891 1601 5859 5374 7123 5007 3006 6906
51 2234 1817 286 7015 7120 6117 2614 2395 4104 473 3528 1411 685 409 1980 1516 4460 648 1799 2397 6178 799 8842 1452 2369 8422 6837 6106 7438 4847 8684 1619 7366 3017 3617 6243 6536 4729 9569 9620 3848 4360 5549 31 3207 3308 2306 1638 7422 265 2518
48 2223 660 1030 5041 8481 6493 3811 4718 7203 6990 3556 141 4325 2919 2243 7209 4732 3631 4892 4402 3464 4813 3747 2015 7758 8497 2975 7133 3539 4786 5362 3809 1438 4029 3538 3469 5011 2612 6040 4961 181 7738 6303 2807 1350 6732 124 4131
3 2150 1577 626
47 2378 4349 6578 5476 1100 3396 5456 9258 8526 7872 4758 4229 1671 9690 7473 7032 2887 7404 3685 8015 9060 6451 4112 9409 1169 8023 6526 4133 7956 4939 1159 767 7594 9945 7101 2282 735 4366 8554 3859 8559 1820 8596 1801 2431 8753 7652
14 2414 8364 552 8356 1772 1600 4976 3049 9407 4350 9107 7392 739 1883
51 2711 4796 5973 5997 3518 8820 2085 6322 9242 8834 6395 2950 841 5502 2280 5440 9502 5699 1618 7056 3622 3705 1046 2114 1905 1894 9122 5642 6306 4406 3293 5393 9929 9511 3732 3012 4269 1703 3561 1501 8252 3586 2302 9032 8736 1937 2105 5280 6217 5470 694
48 2417 9157 5492 34 6258 2736 4910 5945 9856 6299 3587 1725 5278 9254 9976 2260 3507 5488 6025 3094 6272 6996 8489 1353 7053 9617 4033 5287 1732 1741 9017 7783 9230 8735 5961 3578 7360 4150 7644 6011 1404 882 3758 6435 4339 1954 6135 7162
20 2563 7720 5934 1139 9128 3150 2013 1239 5 9494 2591 2499 8687 9883 4163 6574 3298 6098 916 5848
51 2648 8835 5721 5794 9042 2767 4195 6520 1276 3346 3079 2450 5772 2917 8874 6097 9548 9545 7958 4379 5108 6129 6291 8761 8550 4676 6530 2484 7823 8495 1291 9693 1164 9102 6126 4849 6679 5575 6260 4664 661 6002 439 6311 4698 2400 8640 2249 9768 9154 63
14 2830 6980 457 928 6474 1049 3992 4248 5610 1854 9272 674 9798 3069
49 2265 3209 7487 6294 5031 3746 1776 2775 4903 8746 6036 8553 1767 4931 1248 5547 5412 933 7560 2577 3449 2967 4637 9588 1536 4525 1225 1231 285 1286 5778 9088 5094 2605 1617 5735 1570 6661 3352 6408 5527 2514 5256 3962 1540 7424 6142 5044 9895
1 2209
1 2139
46 2182 6152 1531 1822 4777 6718 5307 2301 7065 8478 7981 9851 4263 5976 2646 9842 753 5998 9311 9844 213 9666 2193 8529 5154 1033 5246 8367 9316 9965 6165 847 5141 1658 6579 8706 6317 9878 464 8782 8682 3024 4526 8715 4712 7368
1 2098
50 2038 45 9360 4338 5206 5537 7516 8327 5005 3411 4495 8958 4566 3299 9084 4562 7038 2071 9562 9871 1698 4294 6399 8140 8578 6111 4051 1906 5236 5150 6695 4861 3666 5891 7599 6886 6109 1232 2655 4296 3084 1538 1449 2712 3979 3664 2380 5915 7533 6576
