15 9979 789 9951 8176 8782 9724 8833 9170 9662 8202 8095 7955 8332 7160 5859
2 9976 741
4 9913 9992 8534 9868
1 9901
2 9888 1867
2 9847 423
7 9799 549 1113 7575 9906 5606 4185
17 9752 1097 2424 7471 9191 9297 8995 9647 8075 8446 9376 8745 8668 9672 8663 8433 6439
9 9707 719 9967 8709 8639 8696 7973 8319 5944
8 9679 1563 9957 9122 8626 8282 8171 6010
1 9675
9 9626 1372 4467 9942 8109 9552 7771 6632 3950
1 9698
8 9670 4260 9813 6550 8412 9837 8540 9515
2 9619 88
15 9581 1384 277 7034 7278 7817 9155 9661 8476 8914 8287 8834 8538 9117 4978
1 9563
11 9550 9963 9208 9358 9315 8364 9711 7559 7310 6492 5723
1 9523
2 9514 1273
13 9449 9975 9192 9384 8601 9605 9445 8215 8138 7593 7460 5438 2307
11 9409 1735 3005 499 9932 9094 8849 7950 8087 6667 3458
1 9411
2 9393 672
15 9325 61 1492 9011 8989 7730 9015 8549 9032 9590 8180 8015 8137 7183 6300
10 9313 713 2297 9973 9540 7954 7625 7192 6258 2770
11 9305 768 9974 7086 9002 8742 7682 8827 9790 9183 8596
1 9283
1 9216
13 9166 2788 7975 8464 9576 8245 9880 9039 8466 9339 8877 8113 5629
10 9187 3758 8791 7692 8719 9875 8076 8404 8331 4305
1 9207
11 9291 3990 7249 9761 9272 9849 9153 8677 9555 8535 5547
14 9733 5358 9559 9613 9273 7812 9229 9318 8558 8267 8503 9558 6853 5718
8 9820 902 7444 9893 8891 7906 9334 6606
1 9140
14 9090 8713 6475 7934 8190 9082 9593 9162 8927 9404 9266 8808 6782 2704
4 9121 9970 5726 4918
1 9084
2 9003 1138
1 9020
1 8962
5 8965 9960 7789 6685 5504
9 9046 1100 9830 9242 8303 9818 7024 6227 3275
13 9402 9806 9680 8173 8485 9379 9722 9828 8443 8781 9656 8770 6840
14 9405 2791 8816 8419 7856 8373 9403 8846 8315 9606 8168 8185 6701 5575
13 9649 8370 6645 9928 8312 9022 9423 8886 8230 8948 7597 6978 5459
16 9935 6735 7314 8637 8110 8694 9303 9554 9102 9149 9294 9277 7509 7281 7059 4795
16 8950 1784 8376 9805 9871 7883 7548 9101 8743 8432 8660 9147 8106 7201 6400 5311
4 8890 9986 8119 1680
13 8878 9996 7882 9133 8662 9767 9212 8524 8852 8356 9585 7821 7700
14 8840 1512 8892 6296 9743 7777 9038 9213 9080 8812 9841 9336 9214 8850
5 8773 9999 9717 7375 5855
7 8758 9981 9346 9850 7615 7202 6285
16 8731 117 567 2436 7666 9497 8339 9779 9674 8497 9642 7851 7591 7083 6419 4348
13 8728 3276 2455 6563 9073 9784 9181 9588 8269 8398 7974 8870 5592
2 8708 1315
18 8703 1194 9949 9641 9659 9337 8673 8436 8399 9206 8197 8006 7820 7526 7204 6586 2658 757
8 8675 696 315 7737 8071 9829 6467 2210
1 8698
5 8670 9990 6351 4783 1425
16 8787 5875 8462 6710 8367 8869 8664 9758 9730 9522 9107 8276 9486 7824 7163 6278
1 8640
6 8578 9989 9771 7991 7733 6063
1 8559
17 8520 3329 6307 7236 9464 9276 8560 8746 8725 8811 9060 9695 8286 8943 7904 7402 7093
9 8564 1090 6340 9846 8018 8562 9480 9055 9803
14 8587 5743 8323 8536 8236 7282 9526 8450 9407 9489 9746 9024 8582 5791
10 8518 1005 2603 9452 7406 6265 9151 8553 9797 7718
18 8477 2429 1170 1635 6409 8642 8761 9701 8428 9113 8813 8753 9615 8166 8066 8001 6768 3224
1 8395
1 8420
1 8509
1 8406
13 8342 2198 9190 7492 9822 9534 9342 8333 8092 9123 9131 6073 4861
1 8329
17 8310 1757 113 4428 9556 6255 9450 7710 7693 8550 9783 9431 9115 8866 8005 8430 6371
16 8292 222 3918 3029 8588 9159 8288 9230 8969 8885 8280 9057 8008 7238 6715 5545
2 8175 2356
15 8213 4693 9267 9353 8191 8981 9324 8721 9821 8442 8977 8248 8260 8947 5697
5 8227 9898 7888 7713 1120
14 8783 627 8351 7494 9833 8815 9295 8423 9608 7649 7138 6693 5884 3871
8 8271 1973 9930 8537 9257 8606 6770 5817
13 8489 7704 9316 6430 7534 9089 9023 9686 8411 7869 7681 9304 4803
9 8630 4437 7102 8615 9232 8918 9302 9616 9723
1 8204
16 8102 3826 9602 6922 8795 9381 8687 8334 9231 8907 9745 8790 7917 7527 6433 5631
10 7965 2008 109 5654 7876 8937 9265 9077 8293 9824
15 7957 219 3596 9685 8040 9135 9420 9043 9323 9126 8501 9637 7676 7290 5931
15 8029 5954 9042 7263 7829 8416 8906 8732 9310 8802 8858 7826 7395 6748 6212
15 8189 7117 9874 9158 9388 9644 9072 8437 8474 8295 8648 8690 7111 6500 6022
7 8184 9955 8810 9599 8156 9532 5857
13 8179 3197 5626 7811 8960 9835 9839 8270 8313 8396 7251 6273 1136
8 8086 873 9929 8734 8818 8657 8414 4393
5 8149 8459 6377 9915 5865
7 8932 6457 9459 9883 7368 6193 3035
1 7956
18 7952 1227 699 8566 7668 7438 8220 8638 9247 9435 9050 8325 8836 7969 8939 7221 6872 6191
1 7929
2 7928 273
9 7913 9994 9258 9391 8572 9545 7035 6246 4951
1 7911
16 7877 1438 9137 7677 9586 8379 8407 8911 9148 8697 8634 8208 8196 8371 8178 6539
11 7862 9972 8164 9328 9508 9348 8896 9728 8666 8884 6995
7 7861 2327 3608 9924 8275 8374 6991
13 7799 3651 9845 9033 8737 9632 8326 9236 9005 9467 7836 8957 4729
1 7657
6 7716 9938 7185 6364 5266 4338
1 7640
14 7612 3196 8447 7097 7253 8806 9896 8186 9444 9079 8415 9501 8929 9677
12 7709 2123 6951 9735 9429 8860 8801 9361 9269 9021 9491 8994
13 7849 4223 6851 6327 8882 9028 8799 9867 8592 9178 8391 7784 7053
14 7687 945 7248 9419 9458 9157 9150 9471 8340 8162 8078 7261 6417 3897
14 7711 6786 9286 9064 7342 9141 9351 9665 8769 8386 8613 7624 7054 6113
11 7810 7546 9130 9652 8903 9111 9119 8344 9434 8424 7036
16 7864 6558 9654 7901 8804 9031 8212 9327 8972 8611 9568 8043 7566 7315 6676 3286
4 8290 9927 9831 5788
8 8458 9627 6392 8403 9222 8610 9843 8824
5 8484 2736 9885 7242 5476
16 8557 1674 9382 8856 7685 9394 8998 8481 9863 8757 9343 8321 9454 8375 6448 231
15 7561 2589 8699 7465 9832 9655 9639 9026 8954 9468 8983 8132 8879 8862 5467
3 7499 2571 519
2 7475 2316
8 7468 9922 8013 7981 9387 8210 5798 4319
2 7463 1305
2 7429 585
2 7401 445
3 7435 1192 9916
10 7455 3138 7442 8030 7643 8511 8544 8841 9053 8330
1 7399
1 7141
4 7227 9921 9146 7252
11 7318 2079 9282 9289 9900 9167 9848 8733 8923 7844 8700
14 7229 4208 9255 6742 8079 8973 9228 8431 8779 8522 9063 8982 9638 5659
1 7119
11 7109 9987 9250 8569 8513 8469 8751 9775 7814 8131 4545
16 7070 957 1609 513 6352 8042 7477 8486 8500 9421 9285 9787 8397 6933 6084 4296
17 7040 580 3236 7428 7373 8378 9074 9300 9706 9092 8704 8305 8964 9493 7839 8718 5973
6 7013 9997 7751 7303 6461 5586
1 6961
2 6916 1776
16 6913 9768 6756 9804 7448 8945 9734 9355 9732 8354 8942 8139 9311 7154 6011 5125
15 6965 5237 8274 8614 7686 9035 8851 9225 8863 8805 9777 8602 8123 6999 5037
14 7088 7319 9018 7344 8667 9778 8738 8600 8702 9446 7748 7356 6690 6051
1 6952
1 6901
15 6900 1593 9631 9132 8928 8748 9194 8417 8759 8580 7611 7214 6289 5275 4374
2 6831 29
2 6822 606
14 6815 2278 658 2748 9705 8368 9546 9234 8843 8997 8616 8679 9764 7472
1 6843
9 6912 9961 8658 8144 8060 9494 7606 7115 4778
10 7064 3208 9640 8868 7785 9186 9854 9369 8740 4908
9 7188 3148 2915 8766 7994 9553 9754 9565 9530
2 6807 157
17 6783 1353 1879 5487 7554 8093 7922 9684 7764 8814 9462 8583 8561 9669 7517 8543 5065
15 6724 1605 4511 9636 8530 7941 8904 8976 9664 9715 8441 7980 7813 9573 4018
10 6780 1874 9934 8400 9718 8392 9760 8279 7795 5111
11 6767 1778 9919 8495 9093 9099 9184 8701 7002 6650 2862
14 6794 7116 9078 6749 8259 8506 8460 9572 8499 8341 7943 7166 6624 4732
16 7140 6110 8338 7312 8112 8695 7770 8926 9083 8778 8360 8336 8924 8508 8147 4277
9 7186 7553 6711 9314 7256 9044 9840 8607 7600
14 7293 2714 7792 9105 8167 9268 8627 9205 9762 9726 8216 8865 8874 5407
1 6706
18 6695 677 187 1447 6493 8426 9610 9842 7425 8956 8444 8986 8754 9016 9439 9120 7731 6470
2 6689 2695
17 6670 489 817 9691 9869 6474 7912 8909 8659 9085 9510 8405 9426 8114 9721 7001 5029
18 6663 1664 2324 1734 6239 7000 8609 9177 8691 9006 9335 8496 9582 9008 8126 7978 7783 6323
12 6633 4885 9401 7567 8575 7745 9106 8775 9725 9519 9770 5647
12 6649 3257 8346 7277 7479 7793 9671 8971 8472 9609 9374 6087
13 6654 864 7386 9357 8895 9894 8839 8579 8925 7834 7623 6721 5179
1 6656
7 6662 7346 9933 8859 9601 9700 6817
1 6694
10 6607 7347 9917 8763 8936 8389 8058 9259 7441 1254
10 6745 9950 8807 9139 9621 8762 8002 8519 7133 6494
5 7028 1995 9483 9878 7223
9 7108 9943 8498 9414 8934 8541 7496 6964 4955
14 7114 1955 9738 9564 8300 9319 9470 9853 9791 9465 8385 7586 6944 6153
8 7156 2335 7464 9899 8241 9154 8490 6093
15 7198 8548 6536 8188 8413 9278 8669 8492 8633 8352 9014 7721 7519 5790 3713
15 7287 2426 7572 9410 8809 8755 9112 8438 9096 8712 9067 9646 7742 6994 3626
7 7993 9252 9904 8206 8249 7485 7173
8 8024 9412 9628 9127 7415 8253 9781 5760
8 8711 9945 8408 9007 9307 7752 8710 6080
13 9406 2147 9065 9496 8505 8750 8676 9059 8756 8910 9650 7393 6136
10 6541 2738 4648 7662 9844 8182 9397 8692 8525 9693
2 6466 2432
15 6529 2899 8203 7085 8421 9408 8316 9583 8705 8632 9692 8091 7705 7042 5555
1 6456
1 6424
13 6418 3311 8434 9182 9068 7604 9592 9643 9049 9793 7781 9172 5707
1 6412
10 6403 9980 9368 9378 9447 9788 9773 8552 6955 5784
1 6381
8 6361 2538 8285 8768 7665 8968 9814 8618
18 6485 892 7867 8085 7628 9604 8263 9474 9739 8427 9344 9279 8240 8048 7803 7459 6890 5542
13 6502 2511 6450 9923 8996 9862 9211 8299 9260 9168 9577 7100 5524
4 6321 9977 7410 5848
15 6277 1543 268 1013 8978 6567 9612 8257 8261 9275 9201 8714 8232 7688 7049
2 6263 920
9 6252 9978 8473 8455 8683 8980 7219 6533 5538
1 6228
13 6269 9128 8104 9492 7642 8864 9498 9193 9598 8635 8152 7937 5175
1 6198
5 6160 3358 9937 7123 6288
2 6115 375
8 6031 9998 9865 8706 9296 8044 7011 3857
7 6039 9982 9145 8581 9354 6271 5269
2 6002 2135
11 5970 1815 1803 9941 9224 8680 8568 8311 7540 7235 5926
2 5934 769
1 5902
1 6044
1 5885
13 5881 3384 7434 8094 9623 9237 8576 9041 9622 8647 7720 6919 5443
6 5971 2006 7355 9914 9766 5731
14 5868 2531 3951 8224 9179 8595 9370 8244 9870 8643 9660 8226 7338 6766
6 5860 2176 9940 7288 6490 4719
2 5769 1066
18 6139 5113 9666 7874 8682 8273 9284 8624 9629 8771 8322 8235 8107 7918 7603 7300 7052 6185
14 6189 1869 9757 8298 7933 9143 9630 9009 8465 9217 8384 7828 7307 6559
15 5717 1323 9495 6634 7916 9001 9716 8920 8461 8365 8451 7983 7842 7476 6631
1 5716
1 5693
11 5649 9962 9584 9479 9651 9825 8577 8369 7953 9569 5434
1 5598
2 5497 2020
2 5445 961
2 5440 1209
15 5424 1838 2512 7446 8785 7679 8345 9548 9509 8716 8735 7617 7311 6613 5423
1 5406
17 5381 739 7585 9557 7787 8523 7794 9219 9142 8855 9034 8777 8380 8898 6934 6339 2824
1 5341
14 5335 2559 1883 6884 9926 9202 9441 8741 9386 9618 9197 8130 8641 7146
2 5324 1978
1 5304
14 5300 2313 4387 9469 6293 9908 9395 8390 9308 8707 8452 7744 7105 1823
8 5299 2418 9936 7696 7350 6997 5874 4509
11 5343 7512 7648 9620 7513 9810 9350 9356 9058 9507 8022
11 5402 4781 4352 9939 8567 8905 9398 9013 8070 7044 6148
14 5245 9851 9045 9702 9440 8901 9571 8821 9081 8238 7996 7437 6505 2130
16 5235 1528 1332 726 7430 9109 9561 9103 9091 8526 8387 9338 9749 7719 7161 5916
14 5222 1024 7372 9712 7732 8585 8307 9704 9017 8467 8124 8308 7404 5110
11 5192 474 3540 9503 9116 7364 9000 9709 8829 9098 9359
10 5086 1040 2230 6420 8831 7284 9876 7589 6993 5410
17 5018 1993 3294 2106 7323 8187 9475 9195 9516 8366 9363 8975 9689 8041 9396 7215 6889
14 5027 4414 9030 9538 9836 8510 9541 8672 8744 8234 9309 9290 8019 5077
13 5161 2357 8792 6480 8237 9270 9801 9455 8264 8893 9317 7257 6723
14 5213 5060 7082 6765 9527 9481 8214 8974 9597 9066 8949 9765 9476 729
14 5218 2523 6220 8671 9248 9160 9780 8565 9352 8894 8861 9560 7283 6603
13 5227 2928 8448 9037 9364 8953 9607 9748 8479 8174 7946 8120 6518
15 5387 9246 8823 8681 7636 8324 9056 8873 8930 9535 8223 9189 7831 7641 6221
13 5491 8207 9071 8493 8491 9110 9488 9578 8454 8012 8463 9430 4790
13 5615 8832 9625 7808 9687 8688 8729 9855 8358 8999 7997 7766 6342
13 5727 2520 7557 8037 7633 9163 8689 9807 9124 8468 7896 8054 4531
13 5808 6924 7637 9751 7971 8304 8776 8678 9648 8959 7304 6573 5415
8 5948 8848 9815 8192 9887 9215 8350 5046
4 5991 9918 7039 5714
9 6123 5112 8786 9485 8348 9817 8605 9792 9326
14 6135 8629 8157 9134 9075 8988 9436 9518 8362 9040 8482 7524 6458 1288
11 6150 9947 8854 9809 8820 8291 9245 8685 8053 8527 6260
10 6199 8328 6245 8118 8938 7924 9418 9782 7264 6569
8 6329 6747 7779 9931 8142 7976 8674 8217
9 6404 7357 7380 9763 9857 8183 7964 7825 5127
13 6658 8902 9341 9438 9240 9292 8822 9076 9280 7977 7845 9635 7069
10 6849 8073 9579 9884 9416 8483 8825 7979 7772 7239
9 7020 8254 8128 7746 8631 9800 8571 9796 5273
16 7129 8586 6304 7243 9262 8800 9881 9490 9683 8457 9443 9223 8083 7175 6302 3378
8 7180 8715 9512 7276 8798 9460 8593 8727
12 7230 7927 9769 8796 7684 9877 9203 8636 7833 7565 7038 4203
14 7320 8574 9487 8955 9570 9720 8225 9428 9708 8409 8797 7938 9176 6368
4 7325 9909 7489 8377
16 7329 6804 6316 8034 8876 8542 9322 8767 8931 8531 9125 9567 7951 7708 7371 6917
8 7398 9544 9251 9903 8899 8195 8556 4922
15 7889 5698 8803 8445 9424 9823 9029 8749 8545 9802 9529 9668 7898 7539 7182
11 7891 9925 9892 8221 8222 7992 7723 7426 6918 5588 840
5 7948 9895 7753 6702 1207
7 8020 7804 9905 8867 8722 6595 2252
15 8158 7768 9819 9742 9566 8502 8993 8842 9591 8985 8251 7776 7450 6479 2363
10 8209 8277 9511 9678 8597 8990 8857 9239 8422 9614
12 8262 7224 7196 9911 8661 9152 8539 9786 8418 9196 9097 6350
12 8302 8835 9477 7411 9027 8644 8793 9866 9399 9051 8320 7986
15 8425 3160 6877 6360 9165 8617 8620 9372 9772 8089 7855 8098 6750 5543 2671
12 8736 1251 7579 9054 8883 9506 8966 9088 9340 8363 9281 5841
15 9052 7846 7602 9138 9624 9542 8621 8528 9415 9417 8172 9747 7722 7241 5873
9 9347 6004 9549 8529 9019 9861 8612 9329 2521
15 9463 6455 6942 8665 7805 9882 8547 9366 8628 8623 9759 8838 7577 7008 5149
11 9473 9087 6410 9731 8760 9114 9422 8515 8488 8057 6534
10 9852 7631 9710 9433 9456 9856 9502 8487 7881 7057
4 9864 9948 8033 9287
9 9920 8554 8546 9902 8887 9108 8317 8919 8000
9 9985 9889 7445 8788 9808 7878 7358 6390 1507
15 5858 6741 9524 7816 9482 9785 9293 9587 8242 9010 7863 7670 7374 6828 5953
13 4984 5510 7337 7761 8952 8819 9682 8912 9580 8061 7899 6792 4662
14 4948 9944 9795 8035 8243 9729 9233 8388 9373 9596 9461 7302 6935 1653
2 4894 2507
4 4882 666 9946 9360
2 4855 1515
13 4842 394 2641 7379 9912 9694 9533 9603 9243 8084 8429 7601 4841
2 4839 2061
13 4758 622 1860 7104 9254 8194 9238 9658 8828 9528 8654 9536 4129
7 4829 9995 8256 8507 8480 5854 2909
9 4788 3409 8739 8915 8991 8353 7613 9811 8921
3 4742 2465 55
9 4679 9988 8844 9413 9676 9499 7537 7343 6096
9 4687 2166 8440 9180 8970 9611 9321 9886 8730
12 4644 9952 9298 9136 8958 9663 9525 8199 9383 8941 6775 2625
1 4637
2 4618 1833
2 4601 1992
2 4525 2576
15 4877 8573 9634 7884 9392 8826 8933 9755 8478 8318 8684 8888 7673 8301 5333
12 4873 1651 7382 7535 8984 9789 8646 9312 9253 8717 9673 5988
19 4586 4706 9306 8784 9537 8228 9264 9221 8470 9653 8383 9332 9069 8145 8046 8327 7289 6869 2659
1 4495
15 4536 7210 6473 9100 8101 9741 8963 9697 8512 8900 8201 8097 9753 7017 3517
1 4494
10 4475 6752 6669 9575 8059 8151 9377 9794 4865 144
1 4435
1 4379
13 4377 1269 9965 8521 9209 9070 8645 9362 9389 8514 8278 7126 6330
1 4346
2 4309 1335
8 4307 563 9966 8394 8724 9589 7349 6870
1 4214
14 4150 1794 8055 9696 9345 8951 9062 8871 8649 9594 9453 9048 9736 6687
1 4143
2 4094 2247
1 4098
1 4090
1 4078
18 4071 297 1637 8021 8410 8219 7840 9539 8686 9299 9185 8845 8625 8141 9129 7725 7228 5596
7 4066 1406 8967 9891 7667 7152 1293
12 4059 1105 9968 8693 9086 8944 8853 8913 7985 7348 6976 3931
1 4058
14 4008 1888 2296 2838 7638 8146 8772 7698 8555 8652 9838 9547 8471 8402
1 3988
16 4056 3575 9543 6903 7663 8272 9859 9574 9244 8439 9367 8281 9690 8453 6487 4271
11 3869 311 9964 8830 8992 9699 9713 9301 8594 6981 5939
2 3855 84
20 3817 2519 1724 2942 8435 7451 6413 8155 9858 8062 8533 8193 9816 9218 9161 8908 9210 8337 6612 5512
14 3743 1414 400 9144 9171 9466 7822 8218 9400 9047 9600 8726 7112 6717
8 3696 9969 9261 9750 8517 6507 5398 1662
1 3693
13 3692 2536 9274 9633 9156 9826 9235 8456 8082 7714 6700 5399 4383
9 3667 4546 8774 6718 9375 9249 9860 6434 5449
1 3697
9 3708 9959 8619 8096 7989 7756 7181 6444 5456
4 3654 9993 8154 391
2 3629 583
2 3607 734
1 3580
7 3647 9953 9427 9025 8847 6250 2090
7 3578 9991 8765 8140 9220 7467 4023
1 3555
1 3564
2 3549 700
15 3471 190 166 7255 8940 9897 8494 8881 8875 8349 8355 8090 7832 7533 6242
10 3527 328 8198 9349 9907 9719 8100 9169 8122 5672
7 3546 1984 9012 8133 8088 9834 6314
9 3655 457 9681 7988 9879 8961 9740 9776 5987
18 3457 1407 842 9744 8116 8401 9513 9774 8656 8889 9500 9036 8165 7995 9241 7390 6623 3781
5 3444 1135 9971 8372 8069
1 3442
1 3371
2 3307 541
15 3281 1228 5517 9562 8504 9505 8516 8917 9188 8608 8117 9061 7739 7405 7058
5 3321 9956 9004 7189 2853
14 3410 1852 9890 9104 7759 9478 8289 9448 8393 9432 8036 8265 7268 6111
1 3253
1 3168
2 3239 19
2 3167 24
6 3156 610 3579 8979 6879 9910
15 3090 1866 1630 9595 7574 9199 9288 8296 8935 8720 8655 8589 8897 7481 9472
1 3149
1 3103
1 3055
13 3030 3640 9320 7870 8747 7595 9226 8177 8817 8651 9173 8255 9520
1 3025
1 2986
6 3049 2026 7683 8306 9827 6405
15 3245 8449 7580 9457 9667 8268 9442 8922 8381 8837 8080 7568 7335 6931 5454
15 3333 4959 8309 9872 9645 8780 9333 9425 9204 9551 8205 7959 7758 6675 6074
15 3008 6740 9657 7690 9812 8551 9727 8584 9174 8880 8153 9095 7590 7089 5244
15 2949 554 4583 4537 6836 9737 8239 9798 8532 8570 9703 8622 7168 5775 2563
16 2941 477 1697 9617 7769 8598 8590 9175 9365 9521 9198 7702 7416 6959 6295 5408
6 2920 2384 9984 9714 7487 7157
18 2917 372 2233 5990 8382 9118 7729 8603 9330 8872 9531 8347 9271 8169 9484 7767 6524 4399
1 2912
2 2883 568
11 2735 2015 9983 8650 9688 8604 8752 9390 7968 7391 6761
7 2944 9954 9873 7818 7660 9227 5894
1 2869
2 2720 1560
15 2774 1773 9385 8653 7456 8266 8916 8475 8946 8794 9200 8050 8211 9517 6355
1 2828
7 3147 9958 9756 9371 8163 6626 3984
14 3249 5393 6875 6338 9164 7847 9263 8987 8764 9331 9437 8723 9451 9380
